0.12025859850780849791274107474237 0.65613397055083222397797726443969 0.091891187632642118421344434864295 0.12932806704203567149669140690094 0.23987022317719916553180325990979 0.23079299633313957174074459999247 0.16013849027042642569895747328701 0.18069002146363813410268051029561 0.20719110592059503117567942354071 0.15289808879210328718123435010057 
0.082450306263769063130908421044296 0.65300635679424734458820012150682 0.1942622937332883770178426630082 0.023064561762766718627792883467009 0.39592485637780577834021755734284 0.05227242755532908458082630431818 0.13281329792629253949698409087432 0.50107070798084851759313096408732 0.00055686761687013728010925417422072 0.1707399651258303119316650509063 
0.28637074575631049633273050858406 0.40555634775107507472569068340817 0.30657156149428710367743633469217 0.19396892849378338796739740246267 0.20404777633413628823433327852399 0.2668271161317350981256879549619 0.13110840270620893743824808552745 0.092217924869486614380953426461929 0.22377789565439354380060876792413 0.022546319621230180574311674490673 
0.14322711982406846620285989502008 0.40773901482897167980468111636583 0.24825551162874928690094122885057 0.031429608238787452856310977722387 0.24954822771079124277271432674752 0.46089542581593478942636465944815 0.0085785105236953276830469405922486 0.27045454121498446742322130376124 0.19441151759400807086386464561656 0.083888401444554824837318562913424 
0.26622248907853007793278266035486 0.65190791804172265599959246173967 0.17068752855799970702399548372341 0.2375108473875466308378179292049 0.317280374519863350712967076106 0.068296276090722835006019408865541 0.059632127482003784157971182366964 0.31094823315038883082550569270097 0.21922088458915275910321440733242 0.02029034163130218407222749021912 
0.25214749034532024651866777276155 0.37314674254586277513112690940034 0.2722277599120613844618787879881 0.18836288392179897921430153928668 0.17677263867566947452836245702201 0.24053810649712065172778352462046 0.21755373222974142000119002204883 0.038142982059250943316364157453791 0.12775506377861770013204534279794 0.21656539824171086583426415472786 
0.032055156065386627983748724091129 0.82400843482512875493029014251078 0.006733391616193753169417046677836 0.063453432535703041539321134223428 0.26039328876732181772268859276664 0.15843981280534696898243396390171 0.25732017712430627076614086945483 0.11889142308395964087175400436536 0.23451681496445953012397467318806 0.148021378246621260199589187323 
0.22056323438620981103319707017363 0.36931720419920871512076132603397 0.15018178958843816928059311521793 0.2092670995555131197018994271275 0.21327819211853893399677417619387 0.210065001584700233872027297366 0.15411151462270866741022246060311 0.058195014253391845471252707966414 0.053568952540832659448000185875571 0.53037377645379601975861305618309 
0.70114736816219569437436121006613 0.15638901752103778752811535923684 0.02101792043412486349351908643257 0.086501311716099787973988100020506 0.030791998274669753199450639158385 0.64781498330155828924148408987094 0.20409970843300243026341433960624 0.14658606192561876579993906943855 0.16603626829066664427614341548178 0.29622377262592064495194676965184 
0.056916502199294234654036728215942 0.64343918691009105437217385770055 0.1878008958737615308187685059238 0.10465604716647787519878676221197 0.29436055969685742672581341139448 0.20362702472962720956495275004272 0.10299580871017986749560435555395 0.088930508959526144430185468081618 0.27164823947657956715318050555652 0.076976307503373392338019698399876 
0.23234224395637659288382792510674 0.67141917469828005238241530605592 0.034663230058359577323567890516642 0.23208591225967878379776720976224 0.27576317929716198662504211824853 0.092715498821824379738210097912088 0.12367223032417282158057503238524 0.153043774544133676096535623401 0.21292165868240695014712571264681 0.26277744770851968469926873694931 
0.18616726744803532844763083176076 0.81418092097868777212710256208084 0.050427549875795806000322585305184 0.55473794914701335390105896294699 0.20143214843649953627036097714154 0.011836380356198087163144272437876 0.030561373623789502007586094123326 0.16834012725135935606424197885644 0.33894576938112785935430792960688 0.072779410486799589463657866872381 
0.27082800968824627396713822236052 0.58579190062879504807824559975415 0.064397308227933588997693448163773 0.33987069528035673826593665580731 0.1576734153557372564158356453845 0.26383708469344924196775536984205 0.080945389314719451423485452323803 0.23186427293442918307064815053309 0.22891827080903529023636622241611 0.16495648790484734869110639010614 
0.26732876577133463102953214729496 0.50357141644891356691005057655275 0.20188211556419941028472919697379 0.13647514321897583067233483689051 0.31882448671975782694687495677499 0.12242842144609360210960602444175 0.10344746189541498271324826419004 0.26670265553778055300782057202014 0.11431600912312943341131443730774 0.19933574875634593737139255154034 
0.20285281223948622986164025405742 0.49355181200315084710794621969399 0.23741150134108501834617754866485 0.25716159667645810404934536563815 0.19390272660752702615916120976181 0.19876342476109906676207117470767 0.15626952534738874911468542450166 0.30935969530626261647654473563307 0.080251070847160335675063436156051 0.13645713631094300022361665014614 
0.28825028761121473941386739170412 0.50100077563831468818733583248104 0.092700216264319873493704449174402 0.019595946430973922719465107888936 0.23665486158603749045070685497194 0.28565916660919787872785491344985 0.22143516378775324193739493239264 0.0043132485004047024790274633687659 0.22143140473660197220517886762536 0.23868856197431820298504590027733 
0.055443432192263886193472899321932 0.7478458977303592547514199395664 0.12827864649453069034734653541818 0.57186099071808293992091876134509 0.15148116747448431285150149960828 0.0076976191361272042895658174188611 0.11747905519682126651570541753244 0.1316435851541771229200605830556 0.21899442646632086284519402852311 0.18460986022182909738198475224635 
0.70491342667492273843521388698719 0.054347069825257068864665654928103 0.26166113016442082983559203057666 0.19829725127217598390494401883188 0.029795019131709350734826813322798 0.45653522860788464665660058017238 0.28557748185652059857986273527786 0.020244066002983753665978028379868 0.11299118861911881805948354440261 0.20653494473783690077439700871764 
0.11225518354136261589548695383201 0.33007080665273869080067470349604 0.35581961177623794290170167187171 0.19024653922351245083355308906903 0.27232572340354121998018399608554 0.25893324939430223396996666451741 0.0061687645751025976803560979533358 0.2508911467077094004096693424799 0.065044873367284067322557916668302 0.25703073020638189660758143872954 
0.23491097364306762207419865262636 0.38486549811948389532290093484335 0.14766393595628427015675754319091 0.28165611352454666960198892411427 0.10752567163487850021574843140115 0.23699245858135700726343486621772 0.26630008462433918392520126872114 0.0574084621489958715767620844872 0.032794908823170737521834894323547 0.46303769962403917848092760323198 
0.25766409231736187024353057495318 0.52970403737896587514910606842022 0.1304368463277477685480221225589 0.073425322710563470374189876110904 0.20085539449244999010701917541155 0.26098417607046359156797166178876 0.26387971223407302723273915034952 0.14320173002211697421692804255144 0.1507058736086574479706712281768 0.16106996419874730630539261255763 
0.28927381651520167604729749655235 0.37190222487387963878902041869878 0.27833617909147662095037389917707 0.079631893864567843133173141723091 0.28211721853069554599713342213363 0.22856437659577275023359277383861 0.12756929247826834239454285579995 0.2174118950392752158684572805214 0.097498817216333397150940243136574 0.18168499895831294321801863134169 
0.19548468501605861802339347832458 0.38754965989474593479613417912333 0.28667853819790561908931181278604 0.31613471095891665374466583671165 0.23233415633658308085962573841243 0.20188559470345546209557596739614 0.017311381664461829993362229629383 0.0030102615841282394544553557835798 0.21941324722916069611677869488631 0.25417332409518300639916787986294 
0.15830947217350196942753370876744 0.47450427676521472752924069027358 0.22555891929676064044940630992642 0.17732915389713216347544744166953 0.041229105543585491122637876060253 0.41214141284778765816909640307131 0.3280712221679091822323925953242 0.37752393070786494089219331726781 0.019711602486352751417708617509561 0.029422722854759591343265512364269 
0.4875762708558259994617856136756 0.27339367567242400802740576182259 0.34467122951550949183641137096856 0.28133740799055811931950188409246 0.13869307807885533634362218435854 0.17685825105614927377217782122898 0.26441818479558198973222715721931 0.023569851044908461668025978497099 0.13395253346592131404868553090637 0.099435667712157407849282719780604 
1.4293128226106226463798520853743 0.030553581704581542211052180846309 0.0084119507825144452378696158234561 0.34582497488890379111481365725922 0.099548380723224930144432676115684 0.2833199082212662922586332570063 0.17175835544337994531538527098746 0.39524761863963142616285040276125 0.10757293547027757529832570071449 0.20943620419391908993311801623349 
0.28992674686545927276171141784289 0.27253586001119795012570534709084 0.011510820026971010227034852846373 0.30152958381319444614021563211281 0.18919232654463113973974941472989 0.29988639826781871011718294539605 0.020199364829724453240800130515709 0.042119620870063295692276028603374 0.042038349741428525374598024200168 0.84209349479038420049903379549505 
0.74145097297087536603044100047555 0.16320240272490671440408505077357 0.022496367553323692173306014296941 0.13914958174676214652798478255136 0.27066743632016215803659520133806 0.255910130745902852922313286399 0.063605414867010684476511528373521 0.27292722233045541013751744685578 0.0048648197612246512830380673619857 0.63124135572676087768684283219045 
0.21272460462042269702109820173064 0.5172843009660099689028811553726 0.026763257547557806753646403308267 0.1390527754396165271977281463478 0.06904363942356912808850921692283 0.49194052953709904718593293182494 0.23091941617614622495047171923943 0.057862406593551019007293234608369 0.23860758543370116924187129825441 0.2072397488153424616186271123297 
0.31148445301530180984173057368025 0.47863981933465549190032106707804 0.20245634583798446937130677270034 0.1757792227688309838473657009672 0.25205979287945523559244520583889 0.16560936719763746927114311802143 0.15449182427462104794102515370469 0.0018734848725682968269973249775262 0.24023224778652271793610850636469 0.16071384944178068732156816622592 
0.045826838188310854704798913417108 0.72509321465441600729207038966706 0.0453970178105855132200119328445 0.16634488597869098724935099653521 0.263937788482365487396918979357 0.20252843896602684692354046092078 0.1032510980905511632776949682011 0.084036837300802344485894934678072 0.27832539444120085736500413986505 0.21066425791565931979754111580405 
0.11911893555704892999624888716426 0.64402571854651324834151182585629 0.061098849400839552736819371148158 0.039334687911656764092160898371731 0.19811109896032524924081030803791 0.30875416412837719537520797530306 0.25568895003931563225663126104337 0.19657744888637629365746306575602 0.16237849362680012443860277926433 0.16187776441986825859409293570934 
0.16091504526875197167434805578523 0.73752341943134380741753375332337 0.061901306725059494773244495036124 0.35770853247341538594383791860309 0.17613657470875940247445612385491 0.17723123331675014191510797445517 0.11278708479231569494771747486084 0.25809728213996557810716581116139 0.25210502862048372874070878424391 0.06300426910169151795138020588638 
0.28189754118253140813266099939938 0.41882217875741217794072213109757 0.091316379287731314073894850480428 0.073875966282451854816315517382463 0.16293327808418342494967134825856 0.3048250444785393642455062490626 0.29543243307064187552768430577999 0.057302787804361959844712259837252 0.081474050794311275724979282131244 0.39300029824864224359259878838202 
0.2245182827833923921989622840556 0.56731822352371452655717121160706 0.14046889091587475006939200738998 0.12187401438407520493090174795725 0.13707533301505650524809709622787 0.25765403040786782895565920625813 0.34632128917794391398388142988551 0.23409041208998615513081631434034 0.088432974943317102511919358676096 0.10225345792956098966985933884644 
0.028832500357106213145774731287929 0.61276397932538739787844406237127 0.22005994387272520551590559989563 0.071982237345452282362145979277557 0.4021607027697476355321271057619 0.0476701353782568656991536215628 0.076026221736795629446703514986439 0.20071757286576180634440902394999 0.1226733718281528134896873893922 0.25784951786841159293572900423896 
0.2698962640578715377337459813134 0.50417266772787139306188919363194 0.10370563553871488260416100501971 0.12104008648331249231588913062296 0.13960599773869628026368161499704 0.29267682100153546986831543108565 0.30707109703775953279958343955514 0.16874721505364165263785025672405 0.099402871981231544218360340892104 0.22167030840742063535486749970005 
0.12396409293506521764882677416608 0.60092994758843931712988251092611 0.21543187278680239749029112772405 0.21337204316028460238108266366908 0.25329697168656650774209992960095 0.1423261600182362252020595860813 0.1377078534483461291770822754188 0.20324250332064858204361712523678 0.1713158320739938955679093623985 0.10098610629621518341991759371012 
0.20306411626313050633463319627481 0.6552043311892428167908519753837 0.10982117109228080320537657144087 0.11043716434967135175959640491783 0.30598160840015198314034705617814 0.074986524400217968722159866956645 0.20261309444980685201542769391381 0.17346733568091959876156238351541 0.16110002200169426522791127354139 0.19189835477360420168402299623267 
0.20318238290732529294224661953194 0.59165436057931075630733630532632 0.092551808307562044575433901627548 0.15473946445476127742324479186209 0.27548656925714903875856975901115 0.22253667765456219829189876691089 0.071750719376378391256565691946889 0.20397411880701057929066166707344 0.21292737592234112220523911673808 0.20586860166436687924473858402052 
0.28201345204890282403198398242239 0.6060758670086578980829017382348 0.19417546310020342148483507571655 0.43294968247924608961696435471822 0.14998947232543333174525912454556 0.064591660350033816562209665335104 0.20247971251985344420809553867002 0.29975442399763718714922333674622 0.12534908649948250936034810365527 0.052892227383340872925998610298848 
0.078529267400952590394425101294473 0.62137478121919920148741312004859 0.14576327983246556430074747368053 0.32359315298255275639149886046653 0.19119620512259641320618186455249 0.10648043889325664590472797499388 0.18753399787899771578025820417679 0.14160227201000114005680075024429 0.12219313933803727101334857252368 0.28071417160246109334664765810885 
0.23423570407557817163457514197944 0.56235648801580506717101570757222 0.24410089677652888062731051377341 0.73613856152619649986235117467004 0.10392723692136546231878924118064 0.0053163414701316094590488603444101 0.050690623160940972979915386531502 0.055470783170610792056631765944985 0.25110225601114866122998137143441 0.14753318486962208044843691823189 
0.15936465879350358854082969628507 0.46595557916337460024891470311559 0.256462986597556452661450521191 0.13982513548738506603541509321076 0.2308797198552229867907215066225 0.183950089686872403360595740196 0.21446533511529655702254615334823 0.12996748492771070804252531161183 0.093628036680837176120029141657142 0.21184811999776184676669288364792 
0.11096083535005386855321063421798 0.763926136690596169209754862095 0.0072816791051837220782871895607968 0.20799272873362381619521954689844 0.15000446985278906297800460833969 0.32455614243816593988967156292347 0.1674421891226320902035240578698 0.28274679435633531809912710741628 0.26023097339781425807458958843199 0.022067390620220322244859900706615 
0.00053356929876178268816466765400719 0.61183983011235620885770458698971 0.17038747531523540379438941272383 0.19127446162289085673791078079375 0.29515103077798815478516303301149 0.18642241961405095485027061386063 0.032001057207081955169325482302156 0.17945305684824666703214290919277 0.18478450519871597590437772851146 0.24858940023200401525649283485109 
0.19230115664594538138487678224919 0.69739595333983572800207184627652 0.020801850352910780661552792025759 0.18195722628224575423416808916954 0.26593419303999749070399616357463 0.22113485727659587531945817318046 0.065039530361163347405017987057363 0.22863884386583316343788396807213 0.2676756983640635190191403580684 0.15016837869196569821284015233687 
0.19296865998731704827662269963184 0.57668137463812030318877077661455 0.13283357244099941452120106077928 0.34040876093693206438928200441296 0.12591791133425295212688865831296 0.21766393982026796538598034658207 0.19009147657429403821538471675012 0.14213705904829698756230982326088 0.18230019295111704602518898354901 0.17033750603417535662842396959604 
0.17631077725769525588184194475616 0.56928974244319408004599836203852 0.040888392658316681516073032298664 0.22460905317461407615375890145515 0.28160623094925768539198429607495 0.057058122332855738811918655528643 0.15512036259401451587791598285548 0.13555797688583101634485217346082 0.06107921882770514510063719626487 0.54627483020642741973205147587578 
0.093137809374313956789492863208579 0.44034712187030472518856072383642 0.055905638933912121801839134604961 0.27721487385297693961661025241483 0.27032229364073695476733405484993 0.13589877636941946614790310832177 0.046241762496129608372985586584036 0.07950340868834253338359729923468 0.019945648616891385046523410551345 0.77845789264783293859295554284472 
0.13619998172985392503875345937558 0.64010709717096303528194312093547 0.054510747099042557162196231956841 0.40024366435318869950066300589242 0.17384190871498977903897298347147 0.17233576092149346936643894423469 0.079736757295338231421588659486588 0.00013430084379641656663721682729573 0.28169481297659054730431194002449 0.30222856880864140682874108279066 
0.041582480065360374887895034134999 0.69098328824010113446973946338403 0.21442228854256564773983484428754 0.25222440176505273035090226585453 0.27444853896056869979602765852178 0.078336743039784592634866555727058 0.12054177727402509701093435978692 0.24059387030661275042042746008519 0.17758622027363746287420553926495 0.069269623329521592958180065124907 
0.25145487069438865468384847190464 0.6666722020388060609974445469561 0.069665491492165512732448462429602 0.41060953321002879867762658250285 0.22339015948431950597807826852659 0.1361520647457799271240475036393 0.006458083075552281324127612549546 0.38853847576182509726550051709637 0.19781013608628439381931229945621 0.13971767749788832624346923694247 
0.21996482747095053023045352347253 0.49260438004158713098945554520469 0.10987650586951810960378850268171 0.17033560675785591742581459584471 0.24400207944340807086902600531175 0.27609597490537468589266723029141 0.06556425944995335208798081794157 0.37113518334450695812520848448912 0.077223312767278576296270387047116 0.29897742580146435820154238172108 
0.040202921068356052558545599140416 0.64034290290797890587981555654551 0.15961922877663206610243662453286 0.50847494686608518676962376048323 0.080585302318692722534088090924342 0.16988331181047824913754595854698 0.16047113668605114678022971475002 0.13118073971254212706227804119408 0.17936969553641546326616662554443 0.18998950375194359474484429028962 
0.26414493869581329166251748574723 0.67456766479820995385807691491209 0.090831260954988266020926346300257 0.13855865718845808420844889496948 0.21651086559964385913623630131042 0.15537600096654308190480264784128 0.27304361064571108785870023893949 0.27618048795788352478552951652091 0.15513171580508489100225233414676 0.049681208831247374024808749481963 
0.021942804662615687794069430083255 0.74778568980608572935864231112646 0.090309749322985952146858323885681 0.13427688583297603397426200899645 0.32898159131405452226815100402746 0.06016127746890970878768101215428 0.14759865407000521964064887470158 0.19176797226141209518068819761538 0.16430929236763269774002083067899 0.24170503961033115714052144085144 
0.058240332814940967698369433946937 0.67187787481488303598098354996182 0.18471611430411194465506241613184 0.59276189916902766174899852558156 0.085234606639384508097734283182945 0.089073734209510813109034188528312 0.14769515334269253670207433515316 0.10842040426780687190078111825642 0.20983518667391520828857665037503 0.13949795473755818853156540626514 
0.12788459170192142955180258923065 0.54961019492126250707286772012594 0.2473038370008664721400037933563 0.33408747987474518570394366179244 0.20306717536048207728427428264695 0.031666246574220999199233972376533 0.22811192283006970216163722398051 0.082229562868121192087400572745537 0.09786678971067133692152140156395 0.24662109787959982099003752864519 
0.215769564392438162325760231397 0.43030566566436101449966145082726 0.13937546142180406993915653401928 0.20369175219469773385760902328911 0.020965855985048506560097791862063 0.43723615504526791575301558623323 0.31714038078993739278033103801135 0.19235571662751771437882553072996 0.071748207385388632073563996982557 0.20763202638996353099898328764539 
0.20924002415335929416784210843616 0.49217099303208616811744491315039 0.23517378668437560751414139303961 0.16114866812534922591026997906738 0.22301280338681817028145815129392 0.24773559843707623762121272648074 0.14509012666393808488329852934839 0.21468111337772760593978205179155 0.15836007764865878133520027404302 0.088334817976641083481226246476581 
0.12196747646709844847823234204043 0.6811467970806402982830718428886 0.10873992311474829641770867283412 0.33952027588323591134056300688826 0.16771965478190020704118978756014 0.15886245276917149160667008800374 0.16617796178379212745923609872989 0.15011929310304517048990646799211 0.21778309581273075368201830315229 0.13939663037295282888017311506701 
0.16896229990515454488786417641677 0.65470276882818467800717598947813 0.11709385263936149257357755004705 0.169576220731158466836774323383 0.21102007030128600018059614740196 0.20779292546241245887017612403724 0.20059071320385707393185725777585 0.22034411319357632974558214300487 0.19115989463293223127315911824553 0.079651531697340655080452620495635 
0.12085905471934048349691437351794 0.69789916068415225325338724360336 0.22076653720339445285958390741143 0.30480012291981078975666719088622 0.26550719394929211958356063405517 0.020564223897721431444374218244775 0.14362126528388355350962513057311 0.21405533881876348534234466569615 0.20015576654305694548341421068471 0.021245325607844693649450817929392 
0.19118215848458477990057247097866 0.55662854161585850754079274338437 0.1753325920153613048935170581899 0.25377845447733188288808037214039 0.23216712199647401848601191431953 0.084440082040037264810017347826943 0.19744721948968263491863694980566 0.161889824104809787463921111339 0.10243743608860401972382447866039 0.26045549221293828878742715460248 
0.22441422613627740045849634498154 0.50690711971897162158029459533282 0.16452619144065233625084943014372 0.2363777491567124466875782218267 0.20842643372017319314259964357916 0.27401918314542667021171951091674 0.072750200257514482937715172283788 0.085371428553176684217440595148219 0.25932610567480418595209812337998 0.15869996839904804142307170877757 
0.69667346502945881603352518141037 0.38801160596215300557787486468442 0.04714489835048631116709572097534 0.16606426406970734022117142103525 0.17900002955053856412703794376284 0.30102553518185459768830014581908 0.17491014164736096159202816124889 0.26568534008955296821241631732846 0.19013581437459581291449239870417 0.13198799116340811932168719522451 
0.20038492030041391012140650218498 0.72850523214783113878922904405044 0.03907817849168165880158198888239 0.27057056221159769826556384941796 0.2344267591286968432928716765673 0.10450304596344055230172642723119 0.15607287356756802121360294677288 0.26061774011582533594477695260139 0.19214299768390247225013922616199 0.15994521245712001178418404379045 
0.12981663042434776755840175610501 0.73009337025099341200728986223112 0.057345324902398991939733718936623 0.15905851236157803052506665153487 0.20354687248035668867274239346443 0.1972249693790794344838701590561 0.23662277329862904662327593996451 0.23868617981252396309521657258301 0.18463235604833005965019765426405 0.098081009889787934552529691245581 
0.011936165956238035251724127761008 0.67253983738914480117188077201718 0.054798471805683229840511216934829 0.29859039175323842663090090354672 0.11823721476477661029846899509721 0.2254404286432398207828953218268 0.23949475007396850423369016880315 0.13304679702640714866745952349447 0.13235659704153746041299655189505 0.30794678701086614092119475571963 
0.20688297509264552687113791762386 0.74531523680920330754418046126375 0.057734083090604855492689040374898 0.14280683144116246285904026080971 0.24029759868776326414696598021692 0.1191265691220000921823896078422 0.25747140206131097217578940217209 0.20399700405402648728525605292816 0.20645284740415972835059221779375 0.067891815985738110383884702514479 
0.23375649614823926225604111550638 0.17125274536596862828830012404069 0.18583058227044571553143725850532 0.136075470259519437643547234984 0.024742174106739123207177044605487 0.80540000900341512934943466461846 0.0090401725235872750635612860037327 0.25529304619992293501340441252978 0.1515796797152634267646931220952 0.24667683957551692075504945478315 
0.037369678646215293005283797356242 0.62541564697869855837808472642791 0.26607985504483061545144551018893 0.024571722493314521879037570784021 0.31588294058364707606045840293518 0.10735761992031567224614718725206 0.23630477641907565722334538804716 0.10150697144350782907817887235069 0.16191334985308764027323036316375 0.072281697386410714845084157786914 
0.24396242778293569797298800949648 0.41795896702825274804382615911891 0.23873629999102374821262628756813 0.18638986546751110107145166239206 0.20711902304264698249092191417731 0.15278719444501492885635229868058 0.24658489400218003284592782620166 0.024154430885723800898068347464687 0.10033226569378815573596597232608 0.2898598437334962141243011046754 
0.4426606046442570496779467248416 0.43444997735219831325181871761743 0.14260983856172385064731145121186 0.068424674288003028976845598663203 0.20841811114384031777824191067339 0.31456521884512339548578552239633 0.20017388457919299549203628885152 0.38169010817471149543678166082827 0.093435812000798160181780360744597 0.088654544682775393571461108876974 
0.052161151480954404124901202521869 0.4609924519500661066473412574851 0.24626764112122564998053064755368 0.20033794508870170214542838493799 0.25859954522481709560111085011158 0.26134071001892117402931603464822 0.021122254442742714047875907112939 0.043307173949843048854635441102801 0.20866248906432383058984214585507 0.27197795235754090859003895275237 
0.33922906237906752524580156205047 0.53851562210147341236421425492154 0.14414974792770798850405356006377 0.32242131382420335938832067768089 0.28034568192698267052875849003613 0.034915514049569697230257503406392 0.081971808272261539873859703675407 0.17265476867139670225093084354739 0.17034949580781677536123197569395 0.26052468351300017701532851788215 
0.014015887998899538915975604425057 0.61719975849266017764449543392402 0.22660832188552798571734570032277 0.19180103968575246131678113670205 0.2628017011098668920254795011715 0.19696723816017178143589205774333 0.085628319934341903807428764139331 0.18334908861407359093043112352461 0.2015067782407520269316592020914 0.10140071308455247955926381564495 
0.061619770260334917610922644826132 0.53744061959108258008654956938699 0.23022232028235606327015716487949 0.19811731611417585097179028252867 0.22044571903310139493470387606067 0.24305602212307225729048809625965 0.11793522369654914350167729253371 0.1616082983986548704535834986018 0.16511791487636218178636227094103 0.15999832786971551756849407865957 
0.35691578256584804984541392514075 0.16844490580835039250651163911243 0.35932575289650164895860484648438 0.12486012444114820418850086980456 0.22676312421306002442555893594545 0.25256773671170890116499663236027 0.169045890421022776406445586872 0.11394979140056560318328138237121 0.011351700984585497491985428553107 0.33497516331273891054820524004754 
0.17070049503644763033705089583236 0.58738023710049669379174019923084 0.12741406508381297735255088809936 0.097978907530406292303304383040086 0.30278342580408440509742717949848 0.23250690678096888608372694307036 0.063947334080456094684841161779332 0.15699857913323403413308199105813 0.24221801394426625830824661989027 0.16720399381396428006851806458144 
0.17775380570058310625292108397844 0.65133732365538976605279231080203 0.10757317753942355342822168040584 0.19537434893977162486677912056621 0.2482091346883784910293258008096 0.11873100424947864717228895869994 0.1894763774339927320244925113002 0.18874927693234333503369271056727 0.16425349021696442064488508094655 0.18569418766031148271267170457577 
0.1442119470867423425275433146453 0.80463481070277209639129978313576 0.0053318777751570197928621119842774 0.5275911666138830558026029393659 0.0591194474100862205068196431057 0.067711033860530039918401712384366 0.28645890470541440775420483078051 0.18606665205498518211868486105232 0.17699946168378677402444054678199 0.16814364209686971651791509430041 
0.065948918523763958021710607226851 0.56250959207218720337095874128863 0.18829115181353212049586431930948 0.16026503112670600903477691190346 0.15047853643641090348737066051399 0.32103500225932002365425432799384 0.21774289374115218809180305470363 0.14899042086745684088100460940041 0.16678047106619078854272686385229 0.11141459144547724569029867325298 
0.14514718357585693064848442190851 0.57899941023168732812109738006257 0.21648510159529660290544939016399 0.1901453379544289779001786655499 0.14234046239781325549067503288825 0.23618664675082770565417433772382 0.28898709049911680546429693094979 0.086967646877751464407069192930066 0.18993150750424378503389277739188 0.027697146019347595319315402662141 
0.035222113923593409423595801399642 0.67505513369826197767054054565961 0.048348965318106951194465636945097 0.020151225807935126826953009526733 0.095218150836342177467663816514687 0.37619207806267773719355318462476 0.41322039445670272206356798960769 0.19078472283449529611765171921434 0.10293415370485199666905629101166 0.14177760998099100953062645658065 
0.098335701346825954427544047575793 0.52421925443179528958381752090645 0.23466584547912713865081002495572 0.21479747020640971300053934101015 0.20224510816205951146962149778119 0.36807446962271717083581279439386 0.012637843846754013427124974100479 0.29824433019995111315836311405292 0.21931617563277791549403161752707 0.015819629208611865611722180346987 
0.26561246883074191016405052323535 0.35984832994010751416880111719365 0.043707397051884103178487350760406 0.17062618114516653333723184005066 0.10442661224336938219359183221968 0.57373826293810681331564182983129 0.046782331429987882021048761771453 0.023940461681132733234855791693008 0.266015997794913583440745696862 0.35353781424716812509245755791198 
0.1812150154737776353019995667637 0.80178407477275548398409910078044 0.050285458944943906001157074570074 0.26442619990823523767886626956169 0.19906216355543937535088616641588 0.11228355891216357242967660567956 0.22516591406872241143410917629808 0.26004512917458605381071379269997 0.23107056981654375271695300853025 0.002362358178660137631582616180026 
0.11369485376411465893387031655948 0.81542166861149578682699257115019 0.07008419588639210051628225528475 0.27682464752928875872939329383371 0.18586102541889823469567488700704 0.029778809606559566297567798187629 0.32167449202635522986781779763987 0.052268815848079359931421805640639 0.23522894430281163224982776682737 0.085514607633549871712475010099297 
0.22753075940697140011614862942224 0.59056629238785784963283731485717 0.12821445193750530266996179307171 0.31425715574850671130135992825672 0.15928406647031112530754626277485 0.12188657715745983278754493994711 0.24528813415341113590706356717419 0.18978617462742289334620693352917 0.11184503224840905422077241837542 0.21302117478484258739079848510301 
0.21343427511764587189979636150383 0.48483320246525341001841979959863 0.22743645648667351610860976052209 0.2264621912285137705911353123156 0.21080842878644162619039548189903 0.29290989967233965751702839952486 0.059011051526263298694363612639791 0.39759638030176414069671864126576 0.12341980218956928594398192444714 0.069116507306160521184601464028674 
0.37945414563827145615348968021863 0.40563269625576470200911671781796 0.12205381371109583210632365535275 0.12265493678535373256455187629399 0.22664638216429919270744619552715 0.28458871991747597407496073174116 0.13946357896857181080108034620935 0.21738053561461012641586876270594 0.12025897859759526742351454231539 0.28058411451053166807412253547227 
0.025195854697104776848126661548122 0.61008412383523336064428121972014 0.22735970635424126995438598441979 0.091168492177221047145785348675417 0.33859849276040243637453386327252 0.10229056732327740375509961268108 0.12934395497869677349456196679967 0.083728161411083967813340223074192 0.18097112982765461985934507538332 0.19762591760066861024114359679515 
0.088534969129433011003627029822383 0.53209594428302375845873939397279 0.26488402630652513325415498002258 0.35050981517711293777850301012222 0.22106372619584324645813921961235 0.17647731816076434041562492893718 0.030885414270436263584063141252045 0.027521508219367534636701222439115 0.26784063983648309648089025358786 0.14102777153070497617726175576536 
0.24923185169182471287996349929017 0.53347703178717265082298126799287 0.22299871023912723466686713891249 0.47650630157417889209980899067887 0.13675668593927570171331353776623 0.19316431094124103529097169484885 0.056816015606028669182592238939833 0.2239215359443173236630997280372 0.22580569244809609030788521977229 0.04465235331433468207729120535987 
0.045902785436360935000799088356871 0.74029468962043842861220355189289 0.11240653790370895570571718735664 0.12531551563842344143573370729428 0.24936039013916563855666197468963 0.12719587913234450815558318481635 0.2487678249509007455397835428812 0.37936126043651957617797165767115 0.068982748162935425551012258438277 0.1214988803829998575967152874 
0.24243224679488276085415066063433 0.39396703474334704431214504438685 0.26214120370326382536418918789423 0.27708625177512402615320752374828 0.19960822348030410333663553501538 0.18202125880379321776203482841083 0.14167604246047449390033534655231 0.26956262281612841658073875805712 0.031645056756015463306219714922918 0.26333001750810230978672166202159 
0.17114025000077079385896183794102 0.65789353531670069497039321504417 0.14169855429044048156228541301971 3.7495911133345088050647375688129e-05 0.34806685532931791460242720859242 0.10474745056539068455148111524977 0.19908134286484013841800333466381 0.23232641721766195130882692865271 0.15098278270375065091002397821285 0.12492812021955601586853390472243 
0.22002555668103418451408970213379 0.5739924422486077926208736244007 0.29416844772475059244243311695755 0.16303151211555078070603030937491 0.2608703450110463339939315119409 0.0051558420839545870961728724068962 0.31007195577840196420993379433639 0.15444178163726299257696439326537 0.10141049678564512115386264667904 0.0384968212882942570352007294332 
