0.65915994100948660516792187991086 0.74375441083722948487633175318479 3.2588204510307838823734982725 3.1806094961494895123621517996071 0.016901817848784039116649680067894 3.119547441700933010366725284257 0.14229336046576249175110717715143 0.83383879605080934993566188495606 0.32074593307033277822526429190475 0.4157332193752907856243439255195 0.13457776454527783926984341178468 2.2462400340580011004476546077058 4.3877243351941057625253961305134 0.74596504413140674039084387914045 0.5318518944466992248720771385706 0.87006287094204148857556901930366 
0.6572178284424100569438564889424 0.12045853893629784869823140525114 2.2992761711747315978016104054404 2.4452665445919761211257537070196 0.23017174794426384365486626393249 2.3411684970842854269790223042946 0.43619584121920834673957756422169 3.1911567905511701859211370901903 0.52389308069534479272988392040133 0.51395277805620998012869904414401 0.23758491314892912771306043850927 0.8328774537327033877787130222714 4.5840244536303007549804533482529 0.52812229429114176948445447123959 0.50594557020579877804067336910521 0.53444147561740362739612919540377 
0.65635766279924734334372260491364 1.3588105650224291398586728973896 1.7610547631507853516552586370381 2.1616380663528520500449303654023 0.55881801022201937900746315790457 2.6506627457316196405656683054985 0.68608547612117609659776462649461 0.050960382748433216693051406309678 0.74447856913719923088734731209115 0.50724442987911255720234748878283 0.48047573316556224654050311073661 3.1560898914522064195864459179575 2.2317573911694879029710136819631 0.69536701194060301922661437856732 0.39436816872913355025431769718125 0.18592043651003725690529222447367 
0.66727732099154557499076645399327 0.68315230272558080670819435908925 3.3470615083335153450150301068788 3.0867949153666667250206501194043 0.53875260412584480285147492395481 2.6282557077568302617009976529516 0.43598169218944660130432566802483 1.0856230872877790094577221680083 0.24555829052943625723237630609219 1.078218244507055390002392414317 0.32725161835022154033225660896278 1.3023549689658078243326144729508 3.9606213151240403647079801885411 0.43844180947075966914283640107897 0.19584446606421923586793809590745 0.74584220234347065048297054090654 
0.70233204710529439918076377580292 0.029144780817216435486738390636674 1.0966447684478344282155148903257 1.7608775291587392963776892429451 0.21574217120119196233751779345766 2.3715167436783235466180030925898 0.48130901363708072926428371829388 4.542160031118714691444893105654 0.74961005201194197411496134009212 0.2093021706587148145217724959366 0.77250592193423550657627174587105 1.6311565545409694166778535873163 4.2050500972942694843936806137208 0.3017254323134241911219532994437 0.69830959665362990484993588324869 0.055124312548059418992441038653851 
0.70075708422488425242136145243421 1.0215992709870320709342195186764 2.2870114963414462927460135688307 3.086579652963161279899395594839 0.59825056186418856807307520284667 2.7657214204610545138507404772099 0.089663220543358956859947284101509 0.90000856274027263292936140715028 0.41360884957567134456724033952923 0.094902889528386685791261356825999 0.69531412367616118874735775534646 2.8075661598128149876174575183541 3.5952674620079987377607722009998 0.42837701829704594169712095208524 0.60678875208822891096360763185658 0.49626189227094030798070889431983 
0.37991384050929039029043110531347 0.36427818234249992324080835714994 3.2646822026984381182046490721405 2.8536028796881933722318080981495 0.30951275732734262469136865547625 2.7156033851434608905606182815973 0.44244893188069484013524856891308 1.9989878682409973897904365003342 0.35176739952280922096861104364507 0.70718435504090948473532307616551 0.67963683170336852690240903029917 0.7587156479378234230637190194102 4.3166547880194450215185497654602 0.36196730611911187569518233431154 0.62097306604808788499383354064776 0.70252682666445209758165901803295 
0.63968023089195069630363832402509 0.32220672755665041853134766824951 2.68649658799389357000109157525 2.6102534654465858743321859947173 0.17646718379513226526711378028267 2.9845874648378334370590891921893 0.45517097813980533782540760512347 2.1463361544011338999382587644504 0.44341236946159345855278388626175 0.61451787323408058050233648827998 0.48318710477803133995777784548409 1.9017382863868168563215022004442 4.0784213729822695881921390537173 0.016435646023331921400378874409398 0.42421652460216524582747865679266 0.67963819715504902863045799676911 
0.55482446634146542763232901052106 0.76391684682193194966259852662915 3.1862867934364338395880622556433 2.949193666373381095269223806099 0.034306220437455181571095863546361 3.1620972322780893648541677976027 0.21696677051340262920575696625747 0.71274238191262728747688015573658 0.41079318996776570394047212175792 0.55056281661870110077927620295668 0.28881475792262972790425124003377 2.2031403460493681478737926227041 3.9779854415011568491422622173559 0.62858497072370655978090780990897 0.66922932653519506818184936491889 0.7042198132311959790641253675858 
0.62277191883526838989126872547786 0.21850947425709327243126267603657 1.9195375010811734917126614163863 2.4979066708769464000283733184915 0.56846160579815208091503109244513 2.0976559752486756416089974663919 0.37577063750810302256155637223856 2.186039738024002421212799163186 0.68481044948898572855000566050876 0.31156994857036657275983770887251 0.035422327387662891351460814348684 0.82987172699871525338721767184325 3.8400138869300999289180253981613 0.07674095838716187001349311458398 0.65381303073960528315922147157835 0.48902037573586210061904466783744 
0.34209623230405600269321553241753 0.64301363616506679310447225361713 3.3207147526055877939654692454496 2.8564116919542117400965253182221 0.2509613893610195822780895014148 2.7561001817999732921293798426632 0.73055351247182775953348254915909 2.102516429424350796750786685152 0.24928858995254474240077513513825 0.42188318598223056854479295907367 0.99818243311936583062049521686276 1.1510688722668014349892473546788 4.5247826380655720157619725796394 0.87093568039818858306233551047626 0.30288855372812029109752529620891 0.88597175827205598697133837049478 
0.24626151340542201673144973028684 0.94237887349384552582165497369715 2.0652734159683081571756702032872 2.2172489925436287272475510690128 1.2600399327937243931785360473441 1.8055065158879763931309980762308 0.93932811843362928883038875937928 1.1974574863414320091692388814408 0.65463194107899436158248818173888 0.80658751186719057635343688161811 1.2027265907170070491361002495978 0.60404010829149368255741592292907 2.3276419146548716909705944999587 0.23641916042974173151058892017318 0.52045992344017533159927779706777 0.094871362906136250114919050702156 
0.79763189249665877866846130928025 0.93243722386872163188087370144785 1.598591610642043914225496337167 1.9385782220464793379477441703784 0.27581445155405232005918492177443 2.8919957379126470797814363322686 0.87433281352144887055288791088969 0.74494882025711761652786435661255 0.78840159418388433554270022796118 0.43221966122518767905447134580754 0.16220958204730140383986736196675 3.4001776158706329411529623030219 2.5582673714840229450828701374121 0.20850993246417487414490210539952 0.11026485433150891302123142168057 0.46330100874330154558933259067999 
0.58291294456415865266052378501627 0.55675074014519476683915399917169 1.958203929912442298189034772804 2.1886042150698568065081417444162 0.10662677252727799370735084494299 2.9104228108891425641502337384736 0.44960678931049491424687403196003 1.5900038013251558410843244928401 0.7444053697495922605753548850771 0.27639369348068093534820377499273 0.34034527747600423763785215669486 2.4178039532953610191157167719211 3.3836200176513910875542023859452 0.24114247551345019404678282626264 0.73309652449858553335815258833463 0.39004486652574260618919765875034 
0.23269676580100728813249588711187 0.96401291975838598879988694534404 3.8819868871524940701078776328359 3.4944567832086410597014491941081 0.64550888280877127822776628818247 2.7160371888359087222397647565231 0.75942512042454513032652130277711 0.13325879035265300598389615061024 0.14076734282091138417136733096413 0.26120400481843575324347739297082 0.87927548331511107271296623366652 1.1228497529647751829173785154126 4.0278044151256668925498161115684 0.50071540064054620433608988605556 0.15621812804823068110415817955072 1.2952668999515120074050855691894 
0.5602534998932819920725023621344 0.86653376370364609826424384664278 2.4075946234788503375057189259678 2.463229381924641359091765480116 0.17869078415232012013724727239605 2.8649764005433326907734681299189 0.52656829603948462903417748748325 0.65728885359571720403693007028778 0.63960038516581063650079386206926 0.34900541020743064413167644488567 0.22821822723410234434737731135101 2.393284607686194220832476275973 3.3186606005008556508073525037616 0.60321025208439560394424461264862 0.54941461881835407243812596789212 0.56663332909871544362800932503887 
0.69528482460677398790949155227281 1.2889958190953521022237282522838 1.3543667762645072993876738109975 1.8345024840526749088098767970223 0.64145380941180929479372707646689 2.0692515312831791796099878411042 1.0956310322391589195945016399492 0.37543972534906738802717995895364 0.86916423824701538602965911195497 0.39816518712613424568758091481868 0.064822209622718035548771808862512 2.4676082281478013413789085461758 2.2568822190654387327413132879883 1.0265185867935544550277882080991 0.038377596045151167458708840740655 0.30468203324883985638749095414823 
0.64887689016183980328378311241977 1.2629749999866415333116265173885 1.1903137151413414329681472736411 2.7374688988357851471278081589844 1.8278504482285895527127195236972 0.90071814290901508481823611873551 0.63606550533553596338265379017685 0.22848962314718873622965134018159 0.71483717897758647374928386852844 0.20575030463334961772225994991459 0.2839524141592780770437798310013 0.76401840671653031833443492359947 2.2312547989077011756364754546667 0.51294584853397884316450472397264 0.26959054283577660315884827468835 0.20554072099692807795712212737271 
0.23219340816682851325047920454381 1.2962820280542708406557039779727 1.6683367219337792430877698279801 1.548199368211550019935884847655 0.65867150500326188122812709480058 2.2096957114305055824843293521553 1.3178384294262368570116450428031 0.54118963776693296274800104583846 0.91526470692344330526424300842336 0.49331875150522236372907514123654 0.90471125971595822701232236795477 1.854151594129242353048425684392 1.8832088801940318756322767512756 0.93704892185227439682648764573969 0.41351783224262567140172563995293 0.10714999033593965160893191068681 
0.082924611208343032564549446306046 0.5719776870575861149603724697954 3.7391705960496768312850690563209 2.9187239633387744852655032445909 0.61363656205362504536537926469464 2.6280092268526353826985086925561 0.57685723259837229370816658047261 0.54429020516992143718937313678907 0.40613055019278726520681743750174 1.0141103542351619370975868150708 0.80349686331648562109819522447651 0.13578018372898797982983865040296 3.4210662900109474193754977022763 0.085280681109822023544531077732245 0.80244690437086219070295101118973 0.6648467685920504965935151631129 
0.35379245137415338273711995498161 0.80960799833593333207915065941052 2.4158251859173125453139618912246 2.5085430476235095476056358165806 0.3237665272255249027111290160974 3.0440802863393283672621691948734 0.45137553269833552427314771193778 0.79178954486639396836977766724885 0.6335899984627471059894787686062 0.20279245417466792988925305962766 0.85002197969821979839366576925386 2.4104623719332289866201790573541 3.0917451631338721540487313177437 0.10166315912301275570239766921077 0.84865591252211336481536818610039 0.46491246319803108955071024865902 
0.62442447233364284375767283563619 0.28619013684139682496265777444933 1.8353017024994808803484147574636 2.3764750469308077995833627937827 0.59653566032730909185488599177916 2.0251993231532567918407039542217 0.88241486635753330070031097420724 2.2815765023242691178495533677051 0.64781549964970164268152075237595 0.052451473732751274781094252830371 0.10334685482414091017844270936621 0.99663326300640298072153200337198 3.8749976712538183321044016338419 0.12816443542097993857353799285193 0.10884625599122504935323263453029 0.84289752652138849597918124345597 
0.43397475152155051691948983716429 0.97472437335809836156386154470965 3.3042909092011498728425067383796 2.846931497220960949334767065011 0.41286449041079376076623930202913 2.8967538277398259261019575205864 0.68109544495524398932673193485243 0.51580426730054862449748043218278 0.34067393018348046673793305672007 0.77768380224902700081912598761846 0.72022783730992967488049316671095 1.8443176530000569002254451334011 3.4851592339136447940006746648578 0.59720576740697950413050421047956 0.29121523067354526670413861211273 0.7443695196751998199857780491584 
0.32284926155208720777167741289304 0.3123518231341710360560171011457 1.4189369502657089849861904440331 1.8288164875991586022507817688165 0.82668912882204492742488355361274 1.6199193599303554069734900622279 0.99954054563344441053374112016172 2.6224204624979252642447136167902 0.87664663086504279743138567937422 0.23859201141959690550820027965528 0.56058557677791609474837741800002 0.11906600516638399245294976935838 3.1686437493197443515668965119403 0.22948374003954208344424614551826 0.56758309190788047704501195767079 0.29002122991548245911630488080846 
0.12796029327534463870819081421359 0.88578138671181683161393038972165 3.6539968601006673765141385956667 3.1855628865871015165112112299539 0.60993775583687126484733198594768 2.4666078498855319445226541574812 0.45035425996301947648703389859293 0.35442287385562276647021917597158 0.34110732141142585671644837930216 0.58043850396633211996544332578196 0.77241519669845848383715747331735 0.40379875355989131024969651662104 3.7800690266191296906583829695592 0.78024560327398129189191422483418 0.78756184123914352301909502784838 0.7301370695902840157742730298196 
0.53740571360120936716953110590111 0.79558587035198091719223612017231 1.4119498424585252838170390532468 1.9687774421122863355293475251528 1.1380943054622565391298394388286 1.7250290097028735392115095237386 1.1566253457787802894074502546573 2.6630402023906181163681594625814 0.61673113365125731277771592431236 0.5204803670680576699325570189103 1.1959249968900818039685418625595 1.2010228049798805649572841502959 2.9058558763828306048537797323661 0.40110152814431804246808610514563 0.014387414554055460644277353310372 0.20545997437088034387464574592741 
0.30335779630423370667458016214368 0.72938206494478674546400043254835 2.9717996018478807229712401749566 2.151571566273197788632387528196 0.29376891763522017253507101486321 2.6435255661729422094197161641205 1.1309653319350452260749761990155 0.3884627092859551655834593475447 0.66378091394102822775380445818882 0.92344360412167281193518419968314 0.22672169610139647488722403068095 1.1146488826893772294823747870396 2.9137337146309798541210511757527 0.44485125639931777374869170671445 0.2655320398460864206313658542058 0.72150094593098812456588575514616 
0.084682051107848113624676500421629 1.2351459966720776950666049742722 4.4384454409327975810128918965347 2.3115543551758497287096361105796 0.078066397341489221495258732375078 3.3038581720803610330960964347469 0.76936323905504677700406546136946 0.79011827814641699685438425149187 0.2429742034749609036481388102402 2.2608717071087234273818467045203 1.5394589135140428481918206671253 1.1304276699154474083997001798707 3.1320068748795284463426469301339 1.5097508848274461268346158249187 0.71435813816403004317123759392416 0.0010520755024649283606436034332887 
0.55866149090694194878636835710495 0.91961993288238053079197698025382 2.5958802647661141094204140244983 2.4362429496834936415439187840093 0.23659729301087797925795541686966 2.7972674678545512705341025139205 0.65833291105387181652019989996916 0.22429959420486816901174620397796 0.63954458570883088164293894806178 0.60174851061553713549301392049529 0.067524847188736802916508850103128 2.1878622964674270257035004760837 3.0898763857226558826596374274231 0.60655548028519945535919077883591 0.41196700625718429833455047628377 0.60953591503427340114740218268707 
0.52862938849128660034892845942522 0.36907241498299908633029531301872 1.5468353876693226034433337190421 1.7984376083474322705058057181304 0.15317572279737487472850432368432 2.476852886920044571894550244906 0.70239487054905136442783941674861 2.3625067793217779943404366349569 0.87953548403275694234082493494498 0.22376464875281024125008855207852 0.25963346993697827835845259869529 1.6711518130869418286010841256939 3.4267954576195172045061099197483 0.39256682079739363411263752823288 0.68036994553890994819056459164131 0.30839570115666986582780850767449 
0.59896680048132999729659786680713 0.52343000493582991783370061966707 2.0517192281769656148071589996107 1.669279223789647659259571810253 0.017142944052948121819168747492768 2.8048437473379719264698906044941 1.08570130410040310842134658742 2.7568480468636713531793702713912 0.6566161872064615323552061454393 0.7547916804162058124205714193522 0.65657688728104457442924513088656 2.1037362047824919031313584127929 3.5500517240743527658253242407227 0.66037235604663491184140866607777 0.13207699088799401687666090765561 0.39986127560781647982679487540736 
0.61606940548349442554609822764178 0.6800572437754243138030574300501 2.4680126522971894686975247168448 2.5571414041460354127366372267716 0.63144361226508805007284763632924 2.2449771287920272655469489109237 0.68125609215895288617304004219477 1.2298073931334361219569473178126 0.53695580889226568466199296381092 0.7350357048241518143072426028084 0.20077967038965197077438062933652 1.2101556500253021209090320553514 3.4323275368810839403010959358653 0.45411848584155933838957253101398 0.24758569855640361057069753769611 0.57762223576105575784112033943529 
0.16976987248946090458545654655609 0.97949210925942875594074621403706 3.1220839709630383573824019549647 2.1256276218844916137129530397942 0.19727913319473852626906307250465 3.4406280711034384900415261654416 0.82081285528040515142578215090907 0.50426658405583513200554079958238 0.57003618988483661933486246198299 1.1081516232064139160229387925938 1.3316822106820440652086290356237 2.3677188761852274723196387640201 2.4994883196062818164762120431988 0.1877817466459112127896702304497 0.73681581047209854240520598978037 0.26626578773609316241888222975831 
0.47827420572026307921120746868837 1.1552490500647860649507947528036 3.2421870437618873772578353964491 2.9831223795748584848297468852252 0.51553863983985037666712969439686 2.8336503647647046655322355945827 0.57863168579214907527585864954744 0.2776963101228205887949229691003 0.30736507280899233451876284561877 0.71380485359790446509009598230477 0.76559829352704478200308813029551 2.0626106532135484172840733663179 3.4259058110869196056569307984319 0.75873942831964569233349493515561 0.30214889004912953707204792408447 0.68781250787161796189650431188056 
0.24197745383161076149214352426497 0.76815855567169244455527632453595 3.2841088004229921359922172996448 2.3949035211592413219250374822877 0.2762679641892372695011204086768 2.8053211440753997862884716596454 0.87010529403065328679645062948111 1.2602976326352486324822166352533 0.45214984864958518429034484142903 0.98552803822732149008345459151315 0.90263517586819919102936182753183 1.1039826162576931167791371990461 3.4814706633907532840055409906199 0.72379157199356569662995752878487 0.47482117634874998479688201769022 0.54479750547121630344094000975019 
0.57505162897843098424033314586268 0.86297442330557982970162811398041 2.9698497601363111897398994187824 2.7663331848223884357196311611915 0.10194062777619403159512501133577 3.2051846417982026160586883634096 0.67801055587465186569318120746175 0.0053825898413642058598638229227618 0.4951165981835661256127423257567 0.34047694735186756487266279691539 0.12409648872871811842166778205865 2.7029853185641909973924157384317 3.4369251647634446733547974872636 0.28381091272845210271569271753833 0.21724904101569045278274927568418 1.0211541246382380698776159988483 
0.6494237093695179874330847269448 0.132069382060019335778378035684 2.1561490362082347260752612783108 2.4688262263879443558778348233318 0.30503420164726646746089500084054 2.3155547755360923467549127963139 0.2635768188982812176845982321538 3.796437334669045871038406403386 0.4782058067193161177144133944239 0.49781650749987355064618554933986 0.61681171736004836159139586015954 0.86893819934429739060277597673121 4.7230909458252163801716960733756 0.60496776580393718525385793327587 0.68425736857875563146080821752548 0.31059943072849982570460269926116 
0.18788914451026453300563900938869 0.67783239955711283020178825609037 2.4765841671478816543583434395259 1.9737580916410080167366913883598 0.2353050906642732698070830110737 2.4426584814405365442269157938426 0.91504276807447804120698719998472 1.6823220086079306856419179894147 0.72661220378190161106601863139076 0.54020448129492915079197246086551 0.70313767075894706426453240055707 0.86135444506217850868523555618594 3.3513574572596596112816769164056 0.91829847947706866317929552678834 0.71443164285786031619807090464747 0.35998233521660000233666210078809 
0.37757320933257570994001639519411 0.078309758558374256698364490603126 2.4673185912723845092386909527704 2.264876650342690034278803068446 0.042068460094025407480788913971992 2.4586105794393864343305722286459 0.64027358783753085536005755784572 3.4506088679897821691611170535907 0.5640928311761195246276656689588 0.27285540949406855704140184570861 0.58249016036380374394809678051388 0.51625860622949226730327154655242 4.7197220906008219287741667358205 0.694780748214591792333294506534 0.66097324478664976066255576370168 0.60464329211401457442320861446206 
0.89831446741969267488769901319756 0.36309041633155525463649837547564 0.7121166583862652554870464882697 1.5726934890722561455334016500274 0.39283390262060208231176261506334 2.1540205224127189076455124450149 0.92096927787491700279076667357003 3.9230518893018890835833190067206 0.78489679472717766017808571632486 0.18997219393714831481290161718789 0.51016726187771521683345099518192 2.2575193479285324826832948019728 3.6757325622912482288029423216358 0.47872758618535510288793943800556 0.057430069759421512043395807722845 0.20987132321087953457094954501372 
0.57238694387945021624375385727035 0.469307791848767086317906205295 0.91432989861686420063335845043184 1.4694534709689068829874258881318 0.15934963612277708300268841412617 2.369750706507264936817591660656 0.76286301565788439127402398298727 2.2956918772030032727116122259758 1.0645687364477849357058403256815 0.022870158117396038877089381458063 0.1640000531197792210669206269813 2.0829134622669407406192476628348 3.0014398984652501667369506321847 0.44897963672016255598506973001349 0.73223421443902658722890919307247 0.13124146754957752292192196819087 
0.70258395765361136842130918012117 1.088953951527344976568656420568 2.5673087180716427369020493642893 2.7003204143253665137081043212675 0.37302194172338953848111486877315 3.1259502620600105871062623918988 0.39541040966709983806026684760582 0.57569796576090181972062964632642 0.44267417420170451780592202339903 0.66133766284345796293564490042627 0.67854541868576223606623898376711 3.1726730180359266064726853073807 3.1319199663348800122264492529212 0.40638408811211412796637887367979 0.3925096828725533337767217290093 0.44617311005342852325838975957595 
0.56510623207284504943004321830813 0.70272927498232562459890004902263 1.6286016819213355866224901546957 2.2532318228879448795964890450705 0.61495589067056144472189771477133 2.4214673362926113497906044358388 0.61449957624318929383377962949453 1.2772996486109269298481194709893 0.76399480459909363538884008448804 0.15695498094462373428470414182812 0.46027631919841166530105169840681 2.0982401581561718195700905198464 2.9168960924675237933456628525164 0.05033786574226468968351611010803 0.55537775924645216285568949388107 0.38742057621561254432407395142945 
0.046498059197696083033601865963647 0.71471805351324402266754987067543 3.189077544420684251491593386163 2.6491268995462231572446398786269 0.51054027443047833578759764350252 2.4027545557192135916579900367651 0.78434732446773181013810471995384 0.018596114854447686609573153759811 0.64119714178648090641132739619934 0.45192047302226417970771876753133 0.38409975937023843606255013582995 0.30813937260878510038253352831816 3.166541410548504575928063786705 0.41534179975633894743580754038703 0.77905480247852454400714350413182 0.77316107741714923395903724667733 
0.3110530515097129633517170077539 0.65569882953812275161453726468608 2.6243231035973964004881509026745 2.7552841379021959511419481714256 0.80252562482048572789494755852502 2.0957908606448714117220788466511 0.6745585580391930680121959085227 0.33270316893783580258769916326855 0.63787186128055328726560446739313 0.33439798101100359772885894926731 0.18822702563177884371725667733699 0.5390223427646936293911039683735 3.1573927027369359521458136441652 0.13980195831949049356524028553395 0.57161078461654335480801591984346 0.74948420695564099691665660429862 
0.48254928651799267047550756615237 1.0537574815413881523795680550393 1.9670215036537417319095766288228 2.2408138539630155783299869654002 0.54128362549425745875453230837593 2.5231174361319883558962828828953 0.93383329498347755759368737926707 0.54758452644504096440414286917076 0.70716866583826920589217479573563 0.15877823218505895952468165432947 0.53375374118174201409914303440019 2.3631768855308021848316002433421 2.7420125830688251156175283540506 0.50230185528174120523914325531223 0.27357993369159538943335974181537 0.5724241201175284121660524760955 
0.7921452361743761549917053343961 0.19489733183819435424766197684221 1.307755586000922010114777549461 1.6827318349986368772874811838847 0.051739056735158939215324380711536 2.696467433826014392650449735811 0.61972207336271167843477769565652 3.3928260875981108846133338374784 0.79778574516174405317769924295135 0.45776462347353208404143742882297 0.36270209587987978228085239607026 2.2980563980277057822831920930184 3.7006882642974945341052261937875 0.19133901165612224315459855006338 0.48426461272711202044050082804461 0.19230724070846355600039601085882 
0.31588576185270372809199557195825 0.5062952278192287547398109381902 1.6985550116238699036586012880434 1.7372649426242561254696283867816 0.40898726337860175084060188055446 2.2040774416454800288533988350537 0.80083331189948026018754489996354 1.342467312250181343813437706558 0.99778704285570574139541122349328 0.4371612352056395423005596967414 0.19125867247055322595272741637018 0.96024259150851987154595690299175 2.7078483468745706552738283789949 0.31660205705737692882806300076481 0.86992584061208821921695744094905 0.19493324861768054900856839140033 
0.12277341767634022962063511386077 0.93291987957322031199680623103632 2.7476842706857138587395184003981 2.6013122038899894050700822845101 0.74313504586627088244199512701016 2.392381377282908339054756652331 0.86978384371134964681004930753261 0.42401201355831402706186850082304 0.57988997840477507494938436138909 0.2756287583962351850352945348277 0.93840964605772680950934727661661 1.0334045922259844640933579285047 2.9555913539625207064887035812717 0.36851483640383730921996630058857 0.59068947626560952546270755192381 0.64968939915717516253579333351809 
0.42592351714713977406390199575981 1.0963599403770010187741945628659 1.6730381834809144869780084263766 1.9209628548950536952588663552888 0.52784961012390119172721369977808 2.1124472018570603637499516480602 1.150741059674021737890825534123 0.27526709899975138062799828730931 0.90348658581337992767856803766335 0.08707978155428369726465120947978 0.10145474985210199692087229550452 1.8105509267698511877142664161511 2.5016895243794903258560680114897 0.89320462250205878707021156515111 0.26389235983564884868712852039607 0.53629104720227560587630932786851 
0.19007263047550759793580255063716 0.92461255164117717164629084436456 2.8974261973906108025289540819358 2.3374209831267296344492478965549 0.27104945742612135406446327579033 2.7190859060419598769442472985247 1.0634417157431084177687807823531 0.5247286058343408887694181430561 0.60281069475508353150416951393709 0.35100741125693946109720400272636 0.65956833492065158885964137880364 1.4748056578394226345807282996248 3.2055357072970158682778674119618 0.74882426665025547674048311819206 0.3884752775776938449325825786218 0.78742004320413105933340602859971 
0.60859263675690666861584077196312 0.59880086210866378948480814869981 2.1875774323244963071033453161363 2.2865485734352768432131597364787 0.73215055480575030877332665113499 1.8945156107272029810673075189698 0.81514374775691633701057980943006 1.466582497997705569758863930474 0.65238031711988742067376279010205 0.86073564785580358726946315073292 0.034503319751961948613772079852424 0.66716520688931613136674059205689 3.2460808228255095819747566565638 0.5266860418573895419314112587017 0.23144210574274173830566780907247 0.44526539902805539750119123709737 
0.40554842984715666620587626312044 0.94097118348414043875749257495045 2.6424020173723756776951177016599 2.477087984940512299658621486742 0.53748811171087784721578373137163 2.6140651736430280394074543437455 0.67826160292591164413522619724972 1.0152905511716741049355050563463 0.51970717934012666816556702542584 0.69442524369598490618926689421642 0.84478802515409801010548562771874 1.7020015889733948188933254641597 3.1487315833014903887487889733166 0.59983215172682247118274290187401 0.50533007252505046658086484967498 0.39967251745409526630936625224422 
0.212602744538366861259959250674 0.76216534996442120153403720905771 3.3091759539332459283400567073841 2.584626626233752499928186807665 0.35854687599359696958956078560732 3.1092640082322229311273531493498 1.0752502312699057096523347354378 0.95812688356303488124154910110519 0.37650664348275320048031744590844 0.56043700977051658096428354838281 1.1743596180152351404757382624666 1.7690820413581518355528032770962 3.3869716641580969174185611336725 0.089929598578900329930441159831389 0.19191280461606230467452860466437 0.943466995125908369779210715933 
0.98475535491856169834079537395155 0.44707603921174088323908790698624 1.3435440917560077522807659988757 2.471580900296809879534976062132 0.61372987115306743000076039606938 1.9883095872034588502685892308364 0.22364516805718437364447481741081 3.1528980841024609738099115929799 0.57328230520220158084043760027271 0.31294611630399660207046963478206 0.19318718251658931195358093191317 1.7463038750925357067700360857998 4.1640750071561942746711793006398 0.62538207489805008876260217220988 0.38678296504794595911391752451891 0.22733469824452073870801882549131 
0.85500548900697292964423468220048 1.2215900954168055214665855601197 0.87742689109781102363427862655954 2.1354475549160452096941753552528 0.99181706465218677504225297525409 2.3552478170245843003272057103459 0.75215355987665810655329323708429 1.33986229369612286355106789415 0.6947174303612846379962775245076 0.14131519887882143526880440731475 0.95233632735319906359450214949902 3.5557017460144182408043889154214 2.290801484909267937695176442503 0.15384684911905008308785625104065 0.088091398156421404919136364242149 0.13662381558973388240296742424107 
0.49077026990941663431300412412384 0.66592269653578761712253708537901 2.2990327800832637272776537429309 2.3038533304678550095445643819403 0.18780810191479113679946522097453 2.7623573088188857482805360632483 0.5588711817991404151584333703795 1.5358178030966440630322722427081 0.64731506500423230399121621303493 0.3811365184871924327580927638337 0.48184868993834667483255884690152 1.951858206837099318775585743424 3.5259583617998289106765241740504 0.556445348058960065351641333109 0.64324046504290444126183956541354 0.44995176508475870358338966070733 
1.0143014172116782134480672539212 1.1229352310239233414534965049825 2.2581603603178312944521621830063 2.9041269231769168968071426206734 0.30343981876807912811955247889273 3.1500640334333547265543984394753 0.2951711428964084449333427073725 1.8956941816726722294106366462074 0.22330064549613143354278577135119 0.34379641462640653237770038685994 0.89590533829482776884134409556282 3.9571532481307003514814368827501 4.0487245693525766299103452183772 0.80988415563103299810165935923578 0.013499618872705950595181079165741 0.54055883198175458392853443001513 
0.74660632903729640119649957341608 0.40050074358405796104420915071387 1.379354203219218089060404963675 2.3764937552292337841208791360259 0.89147161323308354852201773610432 1.6016618748529034554906047560507 0.62879315403915558846392741543241 2.4218199413294589916745280788746 0.69925040239971303357435772340978 0.18014490204895244884752969483088 0.051717739792297746925786583460649 0.8274812152998782810442435220466 3.6561677434372241712878803809872 0.31143005016916336380461416410981 0.274569659697207535398177924435 0.46370712215453041560309088708891 
0.0421581833538850064835301623134 0.68881569114831731059922503845883 2.7697304299854050846363406890305 1.8685119057055266100775270388112 0.17496888933367815699426728315302 2.4166052822810719646895449841395 1.3790411589391271540705474762945 0.50029618576964396403639057098189 0.83698994563515505262785154627636 0.4594901338760678521921931860561 0.2267120222395119510938599205474 0.52123543252669035652502316224854 2.9521828280500752583748180768453 0.75921224484409233213000334217213 0.43033442629176898996945510589285 0.794166942779934270646435834351 
0.8299365867300498855740897852229 0.14888755841230855159196266868094 1.3845052562204842594439924141625 2.1001969420547657030340360506671 0.48991203917759212904670107491256 2.2009875265866463145414400059963 0.645250791856414096514527045656 4.6652774238184964161746393074282 0.50001961112099646555861909291707 0.3364040267419279861549341603677 0.92912365874544045052374485749169 1.5718880346055756902501343574841 4.4839338608485999060349058709107 0.36756076248975128040186177713622 0.17673614394974157537632208914147 0.29717745886463109439290519731003 
0.72164143284563353475391522806603 0.31879568342586001028493569720013 3.1423388675104915179758791055065 3.1716883193785458949776057124836 0.34020592831169971237414983988856 2.5919693924749918068073384347372 0.15678935283380557308419156470336 2.1123914663973706318245149304857 0.25794014802643971950857348929276 0.7319696137407200042801491690625 0.17081202203042356035922466617194 1.0372079221584020736202091939049 4.7526102203864324380333528097253 0.43642076840521537572925581116579 0.42579259432119703765451390609087 0.78132543658033293265674501526519 
1.0176721528662080462623862331384 1.5783581340706402951212794505409 1.7827015333128881646729269050411 2.6683099634871685346126923832344 0.66772070629601221192217508360045 2.6568009501154299378811174392467 0.32671842746117707445563382862019 0.19513785233316607858888858118007 0.4976693747983133020440504878934 0.55349327321624375297659526040661 0.41264414118289971522557380012586 3.9028801603680820520025918085594 2.7316387782770181757996397209354 1.0090517460918573267036890683812 0.1462674362796991811563884766656 0.19110558624275469918885050901736 
0.35385284049193721500614628894255 0.94084482019882942349653376368224 3.203746555621732383656308229547 3.0168642974238588649882331083063 0.96194465449873012286019502425916 2.1833860050940261388063845515717 0.65007989605512828124034285792732 0.56304081722731924575242601349601 0.33538643862659472949516725748254 0.87697508394449152913097123018815 0.76867809029253786334834330773447 0.6250409731700975468626779729675 3.3300156911234997103576915833401 0.5196143018001488922408270809683 0.36110652077146448979405590762326 0.61754676521990847781751199363498 
0.65435574143271457714376992953476 0.51762649664093518531160498241661 0.75126301778021231658755141324946 1.7737369285608042268620465620188 0.83262591674046315670665308061871 1.8390404056866878068632331633125 0.68257807978163964612861036584945 2.2053797425514307661842394736595 0.97054516379608690712643692677375 0.21525743605159650129188264600089 0.32852960229058875141205930958677 1.5659424113797866251474033560953 2.6677088898337610878286341176135 0.03902761822806306846178614478049 0.60217193135266533499105889859493 0.022444729516085774878586533986891 
0.7509749614294850550422211199475 0.35873413249324620499791649308463 2.3738680460211223355315723893 2.8824858242789588302912306971848 0.070662935037309304586727876085206 2.9986390744543016673162583174417 0.1009465766066263009426151597836 1.6519668949533861113110333462828 0.52406327319080836524278765864437 0.036832817334406083020770239500052 0.020641972321520797584160078486093 2.3866639883432205770930067956215 4.2897147779946775969506234105211 0.075925367592067888322659996447328 0.6409400502217688089245939409011 0.78989213720724926748317784586106 
0.48750196784956378870390381052857 0.95527087064401783322864503134042 2.5433067837294891511135119799292 2.537952018955216715312417363748 0.60409663215550279957710699818563 2.7226767539839564769010848976905 0.74708267447970855279493207490304 0.13067224534461574503296787952422 0.58723284870295977544429888439481 0.59602400480526573911532750571496 0.49986471369108126383551393701055 2.1558604518381048187336546106962 2.7134325357771049702648724633036 0.10468883925528391087844681806018 0.34190390024816319503031536441995 0.60666744882070999800305344251683 
0.39467418826001743337172911196831 0.97886274135138207075357286157669 2.8850373275593246269465907971608 2.5031603394659192041160622466123 0.16550740602102254062089059516438 3.1706836128736664015548285533441 0.66211556807233662436118493133108 0.4144376726394797816332982165477 0.53651987927869893013621549471281 0.53166208532508063555610533512663 0.70097745588375859338015061439364 2.497941448873506331551652692724 3.1556061074479044847862496681046 0.50464608109262643065306974676787 0.53356292421366002809435258313897 0.60741940699733099062740393492277 
0.81821409859634863792621217726264 0.29513226382011126247562060598284 1.1885849366822882622329871082911 1.8428047114795935712550090102013 0.032310196851650638261155279451486 2.5814668374276625861796219396638 0.57512314437038103420718471170403 4.114167912840327012702346110018 0.68176964206677248547805447742576 0.062906637627877043383861632719345 0.63880179718084029172331383961136 2.4096460222692037689284916268662 4.3222397462510713239680626429617 0.69540692258647573975594013973023 0.41362989846262687709810279557132 0.24746371361460983706592742237262 
0.55246712692182398107831886591157 1.3174115678741298296472450601868 1.7726091961519692130622161130304 2.0057718485930591256760635587852 0.29729879068245651518864747231419 3.0213645875390522377301749656908 0.6973438789307689900098807811446 0.26690331415249429758418386882113 0.78141258954205250475411048682872 0.34450770200426439338059481087839 0.73597292684268389439949942243402 3.5672481196375942502641009923536 2.2816193680422509615368653612677 0.64574544912383635697494810301578 0.55973093261638628970189301981009 0.17177600219711269824429678010347 
0.40937138782536419689961348922225 0.90824253266105436921407090267166 2.4346610000600175105489597626729 2.7252565967915529654419515281916 0.57398552107604738914403696981026 2.2490115373154564437641056429129 0.42775570505169446811066791269695 0.16917446525020488068413726523431 0.67757758658208078195173129643081 0.22065330533852720029663885270566 0.088016532017271775778510800591903 1.2503765989317479068176908185706 3.2173863922956176253364901640452 0.70114109868665508429330657236278 0.76151604214186219277138434335939 0.54682058421174739581971380175673 
0.3487475648557788465708995317982 1.0732028480925617230923307943158 1.9983629129916602451544349605683 2.3671240017317010106978614203399 1.1489097528285134863779148872709 1.4360022124461506720649595081341 0.66969061336729629463349056095467 0.65716673084309451535744983630138 0.7410737573048445936407802037138 0.68437127348585158337357370328391 0.43857531148092149253514548945532 0.23167662354725387929832436384459 2.6064718870357870272869149630424 0.99372043820310795858574692829279 0.69232735248307242237331138312584 0.05901776492885517366726588761594 
0.38593979217819596172489582386333 0.60895386699961273624381874469691 3.1665885317852362490498308034148 2.7963071646461972186159528064309 0.31614133306322955707656774393399 2.5953164192505249197040484432364 0.75774004930301241955703517305665 0.46512291085748197483340504732041 0.50827306971525354484242598118726 0.44812864182519729361331428663107 0.030244544873798795414643336698646 1.0021082806087484584622870897874 3.7401662130994872690337160747731 0.42384009376469067298387471964816 0.33520166159821673801388897118159 1.0291936092165117067054325161735 
0.3493344495179160902331716442859 1.0658713850130041578267992008477 2.1915174648384407873891177587211 2.0728884441732100540889405237976 0.53026961067355615764284948454588 2.5863048113983544418204019166296 1.3435426205016365308608783379896 0.27410232443342769093064248409064 0.71446932724945699799690146392095 0.22131998806416797176410682368441 0.63025959907958650774162379093468 2.2059847695352496899090510851238 2.4988365885975056812640104908496 0.37956746424128012806775700482831 0.018591221694210378206912892551372 0.77962291695936491997542816534406 
0.66540834090970624181693438004004 0.2035326791628166986924952652771 2.6775071635330807140462638926692 2.7704320164792637370965167065151 0.40720405430269968061196550479508 2.5921134481630918600103541393764 0.51247739933823888147657044100924 2.5339535603987868306319342082134 0.3744449257604244851727059995028 0.56837196330642991703996358410222 0.42519018250449003293311989182257 1.2241729699146208787396972184069 4.376210299905142875331875984557 0.010970000276009445050462431936467 0.25673421908748211839323971616977 0.79801166376826326853688442497514 
0.043864601456226511022595815347813 0.72379796304738019951940941609791 2.8243104583831559750706219347194 2.2841536298668572158021561335772 0.28784890736507184882952969928738 2.6595475884895649620887070341269 0.61822724331405254361015977337956 0.88058013863021711298273430656991 0.71354254245241244269948310829932 0.51493075648510355790676840115339 0.80614953665590827203146773172193 0.85329280436636334439270967777702 3.1452192132841347849137036973843 0.61192382299736369777320987850544 1.1072448238814298626664367475314 0.33430287078131210032339026838599 
0.67563694950458974552987001516158 0.77485483188248227559569158984232 2.1590713300498207694033681036672 2.4106969810675615839556940045441 0.058750255350311933466578295792715 3.2913585938109304329657334164949 0.42667923699399773473928121347853 0.73716576028429148248477531524259 0.66559606585815100920910936110886 0.23197357385616548808293657657487 0.30711490431864629790936760400655 3.3487621566306287057557256048312 3.174467652129457473364482211764 0.070844237666427556376902430201881 0.55770439069957222777418337500421 0.57341134898645540474149129295256 
0.69633413802617605270484091306571 1.3791718822903051844264155079145 1.3930408463129728691143327523605 2.0565561300777077669010850513587 0.4120678214087923341146790789935 2.865261832072268255444669193821 0.64364471016522328827846877175034 0.35683497219446957959831934203976 0.79154043351291214491993741830811 0.14363101147158560677574712372007 0.63269110518347115856840900960378 3.8791016455575344501482959458372 2.2939901671593529997039695444982 0.6690162780066144510016101776273 0.44664584576619148492682143114507 0.16766499384710209508142497725203 
0.65879782771615513770058214504388 1.2412935689209325662574201487587 2.4350143011739824316919111879542 2.4295739659204222959942853776738 0.98642721940147859438496880102321 1.9887007169096915237815892396611 0.7244120082949669914285095728701 0.45108485354478966566915687508299 0.52446792168859257543545027147047 1.3604004976923209646599843836157 0.42934191956175582483012931334088 1.376051348525891171448165550828 2.5444746967548517169177557661897 0.93973421371270737800784900173312 0.18644550604010548533473468069133 0.10975363412928919315536546719159 
0.24534391315841827529986574063514 0.75200501425751198336655534149031 3.8918672464810661892897769575939 2.9945752359708510681457482860424 0.0059739339131611429029033999427156 2.829020987932298503153560886858 0.44692378408212213303229987104714 0.064638909830927460120619798544794 0.43340243930212940526303100341465 0.71683360090416514687206017697463 0.0072537922862539461199560264503816 0.70569647284763081795944117402541 4.0793791443237861216175588197075 1.0830531397850970964924499639892 0.75236673408839704890738175890874 0.89414774401883856391748395253671 
0.096255698869542299922485995011812 0.79039321720779942559431674453663 2.5828144780665649449247212032788 1.8570121250644762156412070908118 0.33308530838624494929689490163582 2.291475911822112632165726608946 1.18878124974749721509681421594 0.95456992718670885533782666243496 0.79698433364603338269205323740607 0.6504531790649026312678415706614 0.53321520917199127787000634270953 0.55903830780817875822918949779705 2.9033606163108833797537045029458 0.92932089973581477604369638356729 0.57199921889149996090395688952412 0.45130284118733676734791515627876 
0.40803181909871588661786745433346 0.75388117987716585233215482730884 3.2497478848216854174779655295424 3.6626813459889628887822254910134 0.65335390543570226462577466008952 2.3350293016508709698086931894068 0.0031345497657733227200860248728986 0.84119587625381464501828077118262 0.26174641032764772718977042131883 0.003168007890843033049627086583655 0.45629784270795387124408648560348 0.79617381027433931084402729538851 4.5361512677941382420954141707625 0.73327544290214319300247325372766 0.79829115733314670588782746563083 0.88493223307015400624919720939943 
0.22080929586635478223399786656955 1.0653347580207197520252293543308 3.2001243223487003675131745694671 2.3234919549412635930707438092213 0.46922889727259980974238828821399 2.5483321734910462375012230040738 1.3272846331704601929857290087966 0.22285543654219730491661266569281 0.51051215691784312955547875390039 0.83157335835220969055825435134466 0.66320751426413948603766357337008 1.1669305868059209885245763871353 2.9443736449840609559203130629612 0.8475467419953748304806140367873 0.029636669937398846946807751123742 0.81707305360865034593587097333511 
0.025953707189451398484880684236487 1.1889138691725236185448011383414 2.3930186070481060944814544200199 1.7032279456572549936055338548613 0.27376627903943334674252696459007 2.6700845513315871748716290312586 1.6239547486577148305286755203269 0.086740986332043995554741400155763 0.83510174826588146057559924884117 0.16460916253210922111094305364531 0.84800619755592132609223199324333 1.8537451415103769480907658362412 2.3200826868345183484620974923018 0.86174393883577726782618810830172 0.2247384956731418581554748925555 0.72156951190420781649947912228527 
0.61476556521653968889751240567421 0.088581828192373771035939000739745 2.2455733533798132306458228413248 2.3883885053155022859527889522724 0.06939197439645036769029218248761 2.6886466802742940984671804471873 0.34308349086734468702530875816592 3.2199647890248339621166451252066 0.55735377407589270504217893176246 0.37526998279773260414060587208951 0.42516849794724953515157039873884 1.3530292889255131072445692552719 4.5221145511675961969899617542978 0.31220638110816156807203469725209 0.68745597920556500426414459070656 0.49464863282267357291743792302441 
0.50770820095598456767049810878234 0.40763204581961492989350404059223 1.7169251470319664143460158811649 1.9900165672250202941739871675964 0.70716725581589212623612183961086 1.7154483067627064318827478928142 0.74703368998249519705723287188448 3.1573818718718800191425088996766 0.68817977862590662407882291518035 0.6670419043900361888432826162898 0.62211045000209130861890116648283 0.29388084517195917078069555827824 3.6699819564589168940926811046666 0.75898777431314989883048838237301 0.52552866661447272811358288890915 0.10273277022194900187646027234223 
0.60754548330548696633002236922039 0.3428113657900847544013345213898 1.4713763471421983375364561652532 2.0978791040716164850721270340728 0.46393915377196454086217158874206 2.1426843533909916139634788123658 0.60310833295057142411366157830344 2.6841339757697153522997268737527 0.76714986979692345592241053964244 0.13270904797782900885749768349342 0.33174048784708831671963480403065 1.3279798313328097236762914690189 3.6884385875807264021375431184424 0.33790180018096521719073166423186 0.56989915665790580323601943746326 0.35454752579064552353571571075008 
0.73601836893101546532847123671672 0.036905359415371943865302739595791 1.5117599703066435523624022607692 1.9258487263417887191963018267415 0.52509399335892426030625301791588 1.9816166060817679284156156427343 0.89763688544743835961980948923156 3.5531673239860630530984053621069 0.69562820696367899664380729518598 0.52057868210067559378018131610588 0.2358950368466913027898357313461 0.84783490909666225920915394453914 3.9160000726202013332510887266835 0.089820905905197701013520372725907 0.12371916443710183342030717312809 0.47346333842340232456180615372432 
0.089047551020586993009153786715615 0.73882205193075733973273599985987 3.2785498051706198907595535274595 2.2556325275559232501620954280952 0.32503020703284241088582007250807 2.694926410571532038318309787428 1.24247844422177777801152842585 0.8477110694071989804854183603311 0.54131624497057706513203356735175 0.76667495377042904625142227814649 0.82222310371811202500680337834638 0.79090810408561507127700451746932 3.2192859659864567767328935588012 0.54392208528460128658110761534772 0.30431864997562269037345572542108 0.80276707812697623012354597449303 
0.73910289082316271702666199416853 0.74582883590238879811806782527128 1.9054765625656795435816093231551 2.4752112053401873481561779044569 0.5592375794456495574635823686549 2.6032208007271551153394284483511 0.76378423233301584449606025373214 1.5964387297694271339310034818482 0.53795718086908062005591091292445 0.18342118871414392344831867376342 0.5404074732332874164697500418697 2.576887622959189272364710632246 3.3977204567152647918248931091512 0.13235357274527650983664273098839 0.043115533522490659401604773393046 0.69438153369864130670663371347473 
0.28582296248902505642064397761715 0.48960329646280559279247768245114 1.4356069004964449042915930476738 1.6911404026006175982388413103763 0.66268641853958665244306303065969 2.0827742657389274327783823537175 1.2388500961957311652383850741899 2.9081606167022009401534887729213 0.78841685348838197455734189134091 0.076724267510170154893422989061946 1.1602135550404240049715554050636 1.0980407473767528347963207124849 3.1481670638646779281089038704522 0.25563909967092118824538715671224 0.35194271672269900053109381588001 0.36751657998176395780731695595023 
0.36066871520456422750555702805286 1.1587685017058007019841170404106 2.05473555224031612098656296439 1.7485434840490539087909382942598 0.90964247308169998706972592117381 1.8806338971118674585625285544666 1.4416452740780432151268541929312 0.68493901150997993365621141492738 0.75600795234568929359397770895157 1.0081560259233159904113108495949 0.66225524954632941643239973927848 1.0558478045224799490853229144705 2.0875497639358240320461845840327 0.84087635179841724308857919822913 0.011522714792721051868529258399576 0.25652885986586759781147293324466 
0.59745678733128226856052833682043 0.20277321954081709010075940113893 2.0992189239539063017048192705261 2.0685172989235431906251960754162 0.094524352830124391822153029352194 2.4599981102620285255966336990241 0.64675464757315015429384175149607 2.9232627587079393904900825873483 0.66961078120267147895106063515414 0.52786931429902395063180620127241 0.21339409663535491290531354025006 1.1388494842115810534721731528407 4.1342810995761354320165992248803 0.56221491547898072571598504509893 0.50630271147369898532275556135573 0.4573310462825928568442179766862 
0.47954703198607029346334229558124 0.20903361134259468290252925726236 1.9195872190834724069219419106958 2.0409390972982839329574744624551 0.33137413872482429644250601086242 2.1982600582891782536876235099044 0.66348662113045742128036863505258 2.1460997916513342431699129519984 0.82761049007325315773897500548628 0.43138385705448173412790424663399 0.013736797620440043335432456217404 0.71250903603782800299626387641183 3.5629680206545710774435065104626 0.24898677218596276805584466274013 0.68505096477339177951648707676213 0.4284594451010815263636288818816 
0.48584211826811363188483028352493 1.1579208615225713430163523298688 2.2052518293403422511289591056993 1.9213444874030520814756073377794 0.28229387989510906775691978509712 3.1315936770634924535272602952318 0.67268769222271329599749378758133 0.25776248364519860345467350271065 0.7611455598492211649386263161432 0.96579771184154050711612171653542 0.76390768183464774487845261319308 3.0543979276175035053597639489453 2.1064433952782204428899603954051 0.40461857089330993675346803684079 0.6808422227010471061703356099315 0.02241069711542284861871543455436 
0.22436013820748684777228731945797 0.53086772439708251880574607639574 3.2052503622149859374701463821111 2.4725712446773790986753738252446 0.07687454249354587487719214777826 2.9367901114769798809334133693483 0.70995500404546618700152293968131 0.76595366527773600662243325132295 0.59798017411668036302785367297474 0.61475332798078663465446425107075 0.36685796872224962772435219449108 1.1182845179983567085457707435125 3.550635382356409852633305490599 0.35472601054559182998104915895965 0.70234281750870986016366259718779 0.75764385198333361604028368674335 
0.29348746260364810822807157819625 1.1891681893269783198974209881271 1.8093367624447811436994015821256 1.7104216544384869269634918964584 0.90183595388423198890848198061576 1.6065783821525483343606310882024 1.4919351330033361335836161742918 0.012057293600309944292536812326944 0.93362104263981604557187665704987 0.61122531606569230344661036724574 0.17411388897861157509794338693609 0.75951518338775525496231466604513 1.9337726601510765167546423981548 0.97914749649294563482726516667753 0.10619955539458031390509518132603 0.38833318083010393007015181865427 
0.74854555454404225756093183008488 1.0388421319573186707430068054236 2.0099238499561660198367007978959 2.006404418673205736212139527197 0.18700989339224871610412037625792 3.4334780155214601471413971012225 0.71933018641093326994706558252801 0.72790674068537464247441448605969 0.65738335107426493220117436067085 0.79371870086442208869215164668276 0.72869040625164260838175778189907 4.0051197425550606467936631815974 2.4114002105330460956622573576169 0.02781098434197110114141082704009 0.27065180672846900211681031578337 0.27663937993834958328775996960758 
0.24729543841296156014841756132228 0.5096572087183386390307759938878 1.7894859323219292068785080118687 1.8488795966416249338948318836628 0.6235246453137279765144285192946 1.8554706959296656254565505150822 1.0060623601876117483300276944647 2.3368697958800455083405722689349 0.81929030546766579146122921883943 0.33462564017437246288722008102923 0.68419045684422619135744980667369 0.32586837640806654015079857344972 3.2445024892656233461707415699493 0.65256021959016852207469128188677 0.61803110057681420741459987766575 0.28006842710210683167204592791677 
0.54656998949564239431708756455919 1.1137909733998510031227624494932 2.3598712441683020735183617944131 2.9308281578666548483624865184538 0.87912639107689671824630295304814 2.1313357772664716094368486665189 0.6138985268415059204372141721251 0.14500181291006764006112916831626 0.51707987871221106068730932747712 0.15159408303034546672272142586735 0.32311852802743462609313951361401 1.6680910230764927071334113861667 3.1710526000450092176663474674569 0.63621864818818585352033778690384 0.27786728910012697957299110385065 0.71706050667077381177705319714732 
