0.57186958424864897665429452899843 4.9971472653643420613889247761108 -1.3793445664086618762667058035731 1.0403394252630473459930726676248 -0.2300117084673765077695861691609 
-2.7752701535522223963425858528353 2.7390188545521043650410319969524 2.3575008660000822402480480377562 3.0739922401443369182061360334046 -0.3952418071442984626173711149022 
3.5 0 0 1.1759673251495996737503446638584 0.32403267485040032624965533614159 
3.0228972390322068619639139797073 0.72518359509193608403165853815153 -0.16538722274942330159319681115448 0 1.4173063886252883492034015944228 
2.0220847070204257533987401984632 -0.85169159121188897643150994554162 1.5530712561276420746736448563752 0 2.2765356280638209263145199656719 
-0.15265867514657216474915912840515 6.9660211501036632952832405862864 -2.2089083166380607536893876385875 -0.75062585827224381773703498765826 1.1461716999532134408923411683645 
1.1765318084809468501816809293814 2.1119210598050788263435606495477 0.14103142114264954898317228071392 1.5414775005461684997953852871433 0.029038210025156274696200853213668 
3.8844971590787267246014380361885 0 -0.25633143938581781640095869079232 0 1.3718342803070910917995206546038 
3.8323221489979815146398323122412 -1.3405737157215860122505546314642 0.67216771114906936901434164610691 -0.95634773619961599422367726219818 2.7924315917741506787308480852516 
1.4919967881378415341941945371218 1.8287283496363464507794560631737 0.119516574817207898995263803954 0.98573599159872493657985614845529 0.57402229580987906842892698477954 
1.7168936528104143945938631077297 1.4462784501171785933593127992935 0.22455193138160467469788272865117 0.06450525826939390583447675453499 1.5477707074214084315144646097906 
1.2890010307785964016602520132437 2.2109989692214035983397479867563 0 0.063868292084663380592246539890766 1.4361317079153366194077534601092 
-2.061595349745896754711793619208 3.3832231974503725879799276299309 1.452248101530352997201589460019 -0.15037607729762747510449116816744 2.376500128062803973705285898177 
-3.2751904143001677738311627763323 6.7751904143001677738311627763323 0 4.1291487789586174272926655248739 -2.6291487789586174272926655248739 
2.5469127054655675834737849072553 0.95308729453443241652621509274468 0 0.17742943192927462803254456957802 1.322570568070725371967455430422 
2.3429266121065612793472610064782 4.6050659200748480515130722778849 -2.2986616881209407381447817897424 -2.0400440287861325572293935692869 2.3907131847256639645138420746662 
7.4597344568085155458447843557224 -3.9690091519906331996025983244181 0.0061831301214123612908224458806217 0 1.5030915650607061806454112229403 
-3.0484764237840717981953275739215 0.70064948360586143394357350189239 3.8985512934521402428345027146861 3.9467129117914261371424800017849 -0.49743726506535601572522864444181 
4.0441154884771792765718601003755 6.4536954277931242174304315994959 -4.6652072775135362547871409333311 -3.1445611552322656478963835979812 2.3119575164754984086812328314409 
-5.6598522105182578201265641837381 3.6718439676866045928704807010945 3.6586721618877700024086152552627 8.0388845557999459856546309310943 -4.7095484748560636489855824038386 
3.5 0 0 -0.091836541803537841133220354095101 1.5918365418035378411332203540951 
0.68674421328554391408260926255025 0.076705059119694149472046262872027 1.8243671517298412076968361361651 0 2.4121835758649208258930229931138 
7.5222749514623323818796052364632 6.335633114321900016818744916236 -6.9052720438561570048818794020917 0.21854832712751814938201277982444 -2.1711843490555953195553229306825 
3.6946378313899934653363743564114 -0.1946378313899934653363743564114 0 -0.42722402139646575847109488677233 1.9272240213964657584710948867723 
3.5 0 0 -0.54738388106934365850975154899061 2.0473838810693436585097515489906 
-1.7226148457100229904881416587159 7.9735760803910711302933123079129 -1.833974156454029724727661232464 2.0992165208585413793684892880265 -1.5162035990855571299107396043837 
3.4749595898948726357957639265805 0 0.016693606736751576136157382279634 0 1.5083468033683757880680786911398 
8.1292590162824609478775528259575 1.4343179175973901351426320616156 -4.0423846225865673886801232583821 -3.4359216695548600029042063397355 2.9147293582615763085641447105445 
2.9974703688893962194583764357958 2.1641147926166466319841674703639 -1.1077234410040297518662555376068 0.51824775578408299736565822968259 0.42789052371390390305805340176448 
2.5301453440113981230297213187441 0 0.64656977065906673374229285400361 1.8885285117304064783638750668615 -0.065243626400871335135889239609241 
0.5018299529618062138069944921881 6.4433029094763440980386803857982 -2.2967552416254335412304499186575 -0.29631062577729849749630375299603 0.64793300496458172688107879366726 
-0.60481419688453819105689035495743 -0.70212498735200234989406453678384 3.2046261228243633212287022615783 0 3.1023130614121816606143511307891 
1.828067290084810281314275925979 1.671932709915189718685724074021 0 2.5157091511475062617364528705366 -1.0157091511475062617364528705366 
1.0473689660203726603526774852071 -0.8166292358432016840197320561856 2.1795068465485520903257565805689 1.4586015411177482015148143545957 1.1311518821565278436480639356887 
5.9148123208057503674694999062922 -8.2862178749616752782003459287807 3.9142703694372826817016175482422 3.8769852910064521722688368754461 -0.41985010628781083141802810132504 
1.212010682770236158489751687739 -1.0347367665714273243793286383152 2.2151507225341271478669114003424 1.9483856607192895360469719889807 0.65918970054777403788648371119052 
-0.0025940726503979050221460056491196 1.3987459230992396186366022448055 1.4025654330341055242570291738957 0 2.2012827165170527621285145869479 
-0.22982918750702552301845571491867 2.0609704068445271474274704814889 1.1125725204416654356975868722657 0 2.0562862602208324958041885111015 
4.4588554329642438034397855517454 0.12347641293194655531806347426027 -0.72155456393079120402944681700319 0.054227814037911770128630450926721 1.0849949039966890751429673400708 
5.4585348656159480285054996784311 -2.2186735871657505825282896694262 0.17342581436653503601519332733005 0 1.586712907183267518007596663665 
2.4072715967375790668825175089296 0 0.72848560217494728874498832738027 0.72827852197636566700111870886758 1.1359642791111079773713754548226 
-5.8702376556256394835031642287504 5.0739811528264002760124640190043 2.8641710018661630243741456069984 0 2.9320855009330815121870728034992 
5.413067911053002667642886081012 0.13883670044523110931322662509046 -1.367936407665489184637408470735 0 0.81603179616725540768129576463252 
-3.4737182220754210248969684471376 9.8257475827925002676010990398936 -1.9013529071447194951360870618373 -2.4428511296684867204476176993921 2.9921746760961269728795741684735 
3.5 0 0 1.9193038459577937970834682346322 -0.41930384595779379708346823463216 
8.6121996469475448066077660769224 0 -3.4081330979650292789528975845315 -0.60755446807605295589382876642048 0.40348791909353831641737997415476 
2.3304471849134866801023235893808 -0.019988174216063470112203503958881 0.79302732620171778599171830137493 0 1.8965136631008587819735566881718 
1.121209687548923028543867985718 3.4448570185810591937070057610981 -0.71071113741998814816724916454405 1.4621446930021821941636517294683 -0.31750026171217626824727631174028 
3.9799557488682140160562994424254 0 -0.31997049924547660282314609503374 -0.45928105711726985305176640395075 1.7992958074945324398186130565591 
0.36027746111209779655837337486446 0.46280815448447221172045829007402 1.7846095896022866611474455567077 0 2.3923047948011433305737227783538 
1.9449237218346162592297332594171 -4.5541318103772052694466765387915 4.0728053923617260068112955195829 0 3.5364026961808630034056477597915 
0.75262649700375483519110275665298 2.5987126038140058170711199636571 0.099107266121492676447246594761964 1.8306300462389568650678484118544 -0.28107641317821041582192265195772 
-2.1783415236603804743253931519575 5.4858866773292271901141248235945 0.12830323088743561532609760433843 0 1.5641516154437178354186244177981 
5.7922465381542940221493154240306 5.1792670693547480098573032591958 -4.9810090716726946880044124554843 -4.3370674469793790706262370804325 3.3465629111430317266240308526903 
0.57447534325094373741649178555235 -0.41717334897680302674416452646255 2.2284653371505696028975762601476 1.2063621868345473231443065742496 1.4078704817407370342152717057616 
3.5 0 0 -0.34782972322052785330015467479825 1.8478297232205278533001546747983 
3.302002207147316070745546312537 0 0.13199852856845595283630245830864 1.5533427398997599055974205839448 0.012656524384468070820730645209551 
2.3583328958955735998870295588858 0 0.76111140273628130614724796032533 1.2098797157781682187760452507064 0.67067598558997687518967723008245 
2.9343622412149654721247316047084 0 0.37709183919002242646456579677761 -4.5350163478564384789137875486631 6.2235622674514496921460704470519 
5.5144941890568937026273488299921 3.2365688575999325138354834052734 -3.5007086977712162934039952233434 0 -0.25035434888560814670199761167169 
2.2561996079445840734933881321922 1.2438003920554159265066118678078 0 1.3133152976751496510132710682228 0.18668470232485034898672893177718 
0.53449853561705396032266435213387 1.3474073371064640980421245330945 1.0787294181843218865424205432646 0 2.0393647090921609432712102716323 
3.5 0 0 -0.58205412858847260793027089675888 2.0820541285884726079302708967589 
3.5 0 0 -1.3315502308493414318490977166221 2.8315502308493414318490977166221 
0.6447309016769144918157508072909 6.6403153815297688566943179466762 -2.5233641888044555656733791693114 0 0.23831790559777221716331041534431 
6.2947325404285319194741532555781 1.8575572102824846609792075469159 -3.1015265004740104615166274015792 0 -0.050763250237005230758313700789586 
-0.59358680355790660598813701653853 1.1492467760103419749384556780569 1.9628933516983764206997875589877 3.0597270564809431192543343058787 -0.57828038063175490890444052638486 
3.5 0 0 1.091627829976532737532579631079 0.40837217002346726246742036892101 
1.7890691563351870385645270289388 0.27281904013774571637895860476419 0.95874120235137816337100957753137 0 1.9793706011756890816855047887657 
3.3740789148274021869156058528461 0.12592108517259781308439414715394 0 0 1.5 
-0.090060081766983740569898486683087 2.2031847655952616626962026202818 0.92458354411448173681975504223374 0 1.962291772057240812898726289859 
5.4523266504048457647968461969867 -4.2897128600924201435873328591697 1.5582574731250495858603244414553 0 2.2791287365625247929301622207277 
-2.4639658211799506659644976025447 5.6590520657295115825036191381514 0.20327583696695583626024017576128 0 1.6016379184834779181301200878806 
-0.31012352580499147336468013236299 3.810123525804991473364680132363 0 0 1.5 
-2.0306996698854806737699618679471 3.0215086563864606006291069206782 1.67279400899934627133802678145 1.0911651736947547419731563422829 1.2452318308049183936958570484421 
2.4989152849919200605199876008555 3.6719821646119692459819816576783 -1.7805982997359262043346461723559 0 0.60970085013203689783267691382207 
0.75072460219211833987174031790346 2.7492753978078816601282596820965 0 2.4265393510505308682922986918129 -0.9265393510505308682922986918129 
-0.0070891485204125359587123966775835 0.77753775903602306840411984012462 1.8197009263229251274651687708683 0.14044698616952189240691950544715 2.2694034769919424476825042802375 
-0.95713745914993353380850749090314 2.8334755433899863064084456709679 1.0824412771733005200758270802908 3.9602402593478709391661141125951 -1.9190196207612242318418793729506 
-1.9493003342773782549102179473266 4.6069672045967795526166810304858 0.56155541978706580152902461122721 0 1.7807777098935329007645123056136 
3.0102989649821338957735861185938 -0.9498775477830658786615458666347 0.95971905520062128491787234452204 -1.3622940882799152717552715330385 3.342153615880226080747661399073 
8.282239446860963028029800625518 3.3932048848657840878217939462047 -5.4502962211511665202579024480656 2.0443434226340189141524206206668 -3.2694915332096048388166309450753 
5.9545923953831305652784067206085 0 -1.6363949302554203768522711470723 0 0.68180253487228981157386442646384 
3.5 0 0 -0.83325024378151013593196694273502 2.333250243781510135931966942735 
3.9775240600684931280284217791632 -0.47752406006849312802842177916318 0 3.3843152810166774457911742501892 -1.8843152810166774457911742501892 
3.061651915425659176150929852156 0.43834808457434082384907014784403 0 -3.2894732805122188779023417737335 4.7894732805122188779023417737335 
2.9404725662337183322847522504162 0.5595274337662816677152477495838 0 0.2177789385848125647271444904618 1.2822210614151874352728555095382 
0.95344635454066484214763477211818 0.90454291360276073419299791567028 1.094673821237716282439578208141 0 2.0473369106188581412197891040705 
3.5 0 0 -2.3887366622998014165091262839269 3.8887366622998014165091262839269 
-0.84530469504841576622311549726874 2.3242121562213560181930915859994 1.3473950258847064986866826075129 1.5906195768189368422440566064324 0.58307793612341640709928469732404 
3.0497917544915189580478909192607 0 0.30013883033898558494456665357575 0.54604384668383865175655955681577 1.1040255684856568052509828703478 
-3.2729682488823765851293501327746 6.0081409099902147730176693585236 0.50988489259477631776462658308446 0.65978340281856340254762471886352 1.0951590434788243122454787226161 
7.1384901794468875735333313059527 -3.2250167169297263569660572102293 -0.27564897501144081104484939714894 1.9197554979529627416923176497221 -0.55757998545868314721474234829657 
-1.097243852158066967916738576605 0.24993673634923585513689658910153 2.8982047438725544452609028667212 0 2.9491023719362772226304514333606 
-1.8013953682411321111089819169138 7.3050441680519462295251287287101 -1.3357658665405427456107645411976 4.0303232559998560802227984822821 -3.1982061892701274530281807528809 
1.0030500561105633039460371946916 2.4969499438894366960539628053084 0 0 1.5 
-7.2325840994897259150775425950997 3.4453900469769802583641649107449 4.8581293683418325102252310898621 0 3.929064684170916255112615544931 
-0.39558865050472569180328719085082 3.8955886505047256918032871908508 0 0 1.5 
3.3827970934912245937198349565733 0 0.078135271005850270853443362284452 0 1.5390676355029251354267216811422 
2.9327505701808567195598698162939 0.65243477492943391382596018956974 -0.056790230073531233756511937826872 0 1.4716048849632343831217440310866 
