0 0 2.4404556277417546183983176888432 1.1398860930645613454004205777892 0.71190887445164907632033646223135 
-8.5975081410000981918528850656003 0 3.0198588109917192667808194528334 3.1444123325020947312680164031917 0.59602823780165614664383610943332 
5.2053491701400194102689056308009 -7.1707740782570059678846519091167 -1.5624770673318124636352877132595 2.6319754938621997553127584978938 1.5124954134663624039092155726394 
0 0 -1.574431065938609819454541138839 2.1436077664846524548636352847097 1.5148862131877218750730662577553 
6.1587608986574471359176641271915 0 -2.3761832851913826658574180328287 0.8043555966334838824849384764093 1.6752366570382766219893255765783 
6.6322863194598191682871402008459 9.7841216598946392224434021045454 -7.4762406140164898715738672763109 -0.48504184133449212978916875727009 2.6952481228032980631326154252747 
0 0 2.0019759960228444839458461501636 1.2495060009942888790135384624591 0.79960480079543105880190978496103 
0 0 -1.0549523458092906480487727094442 2.013738086452322662012193177361 1.4109904691618582184275965119014 
-0.63243967528737954353346140123904 -7.0139288361574863017722236691043 -7.2411134246297841343675827374682 5.4718704840186624949183169519529 2.6482226849259569156913585175062 
7.9205020017407594679070825804956 8.0028048160028131263743489398621 -1.7366257104914382125571137294173 -1.7966702768130335954310794477351 1.5473251420982876425114227458835 
-7.2635520256181056453215205692686 -0.73925725188785840202854160452262 5.4315960259532261034109978936613 2.3928033128881853741631857701577 0.11368079480935500136240534629906 
0 0 -4.1154073043396603992505333735608 2.7788518260849150998126333433902 2.0230814608679321686679486447247 
5.2494588967511983668146058334969 7.3939375961408462245572081883438 3.9288915100622912035532863228582 -2.3930720007385839487312750861747 0.4142216979875417148804217504221 
-8.3273872002905733324951143004 -8.893041655265104594718650332652 7.3957750861752238336066511692479 4.206163442345113523401778365951 -0.27915501723504476672133023384959 
9.9581623158668062245624241768382 7.3172382515647216294496502086986 -6.7879143984821155299869133159518 -0.87187154223735308100629026739625 2.5575828796964232836330666032154 
0 0 -1.8973740159410859007493854733184 2.2243435039852714751873463683296 1.5794748031882170913320351246512 
0 0 -2.59040498208451452910594525747 2.3976012455211286322764863143675 1.7180809964169028170033470814815 
0 0 2.1366991197663542934037650411483 1.2158252200584114266490587397129 0.77266017604672909691032600676408 
8.9533908009920235571144075947814 9.2557325082232964064132829662412 -1.9325032870418006325508031295612 -2.3191550055433798327442218578653 1.5865006574083602153280025959248 
-9.4062827285902130824979394674301 -8.3159368136382827429997632862069 7.2648993701161748148820151982363 4.3643300430280804746985268138815 -0.25297987402323496297640303964727 
0 0 -1.5918365418035405056684794544708 2.147959135450885348461724788649 1.5183673083607081011336958908942 
3.8183694499530584920421460992657 3.413458776556127283186015120009 -7.1943452480683767191749211633578 1.7406292553897979580312949110521 2.6388690496136755214706681726966 
0 0 6.658127755227617683431162731722 0.085468061193095579142209317069501 -0.1316255510455235366862325463444 
6.2920438385251626911554012622219 -0.1946378313899934653363743564114 5.6114900784506938080653526412789 -1.1772240213964657584710948867723 0.077701984309861416022613411769271 
0 0 -2.0473838810693454348665909492411 2.2618459702673363587166477373103 1.6094767762138690869733181898482 
-8.5908167712591527731547103030607 -9.6931626169882392218823952134699 6.1512645568782993166223604930565 4.7831787078422731696036862558685 -0.030252911375659885528932591114426 
0 0 1.4723367288774795724748400971293 1.3819158177806301068812899757177 0.9055326542245043519585578906117 
-8.7487540067691220713186339708045 -6.7979197188322846301389290601946 -8.0832824977970343383049112162553 7.6574890558496102599406185618136 2.8166564995594067788431402732385 
-8.2480382412370527589473567786627 -8.6043315460796137017496221233159 5.7219809524183684601439381367527 4.5325972087245745001382601913065 0.055603809516326374584593850158853 
6.8092870534796636761143417970743 0 7.5256633838453081963848489976954 -1.8337376093312429681247976986924 -0.30513267676906075109855009941384 
6.8427440139057349455242729163729 8.8177298233061716103975413716398 -7.697224861718641619745540083386 -0.24081224387331623404406855115667 2.7394449723437284127669499866897 
-7.9348787559707503191930300090462 -7.6151021880712601586083110305481 -2.7291469833867942895722080720589 6.3197819818572007477541774278507 1.7458293966773590355501255544368 
0 0 1.0157091511475035972011937701609 1.4960727122131241006997015574598 0.99685816977049923615084026096156 
-6.4167924259674720133261871524155 -7.027555104480990522120009700302 -5.6155738204310594596790906507522 6.5149803377198800546921120258048 2.323114764086211980753660100163 
0 0 1.6918296323984263196393840189558 1.3270425919003934200901539952611 0.86163407352031473607212319620885 
-7.390855345389158337354729155777 -8.1673789894006159073569506290369 0.86849002918003748163755517452955 5.4224360764024339687239262275398 1.0263019941639925924903309351066 
0 0 -4.6629582889366272269171531661414 2.9157395722341568067292882915353 2.1325916577873265111975342733786 
0 0 -2.7706588698788578994935960508883 2.4426647174697144748733990127221 1.7541317739757715798987192101777 
0 0 0.72952339977222457889638462802395 1.567619150056943855275903842994 1.0540953200455551730385650444077 
0 -6.6626922763597642429544976039324 -5.1924731426552952484598790761083 4.7137913547537646508089892449789 2.2384946285310589608741338452091 
9.29824001206777950301329838112 9.5546489870328219495831945096143 -7.1214153873451673248951010464225 -1.1828684029388587539699528861092 2.624283077469033553796862179297 
0 0 1.4921182223877638151066093996633 1.3769704444030590462233476500842 0.90157635552244719256975713506108 
-7.1491790318073302756829434656538 0 0.64538950587979204698285684571601 3.3759473814818843351304167299531 1.0709220988240415461945076458505 
0 0 0.81063937410982944697934726718813 1.547340156472542638255163183203 1.0378721251780340661952095615561 
0 0 0.41930384595779379708346823463216 1.645174038510551550729132941342 1.1161392308084412405833063530736 
9.6852762733946118345329523435794 0 0.49411581512866664667171789915301 -0.7948480221308196203011675606831 1.1011768369742667150745774051757 
0 0 -6.8131886265327654683687796932645 3.4532971566331913670921949233161 2.5626377253065526495845460885903 
0 0 0.31750026171217449189043691148981 1.6706249345719563770273907721275 1.1364999476575650128040706476895 
8.9965631881176584272452600998804 8.1390502671030890979864125256427 0.34048692610749498044242500327528 -2.6190250953320606264185244071996 1.1319026147785009595025940143387 
0 0 -5.3466200706519826368889880541246 3.0866550176629958812668519385625 2.2693240141303969714670074608875 
-8.1523473382191848912725617992692 -8.9507862461220639715975266881287 -3.5364026961808630034056477597915 6.9098840701305288547473537619226 1.9072805392361726894989715219708 
0 -7.4548310050873327625708952837158 0.18300371038870366646733600646257 3.567956823674657051981284894282 1.163399257922259177888690828695 
-2.1783415236603804743253931519575 -1.5807054400502771329684037482366 0.12830323088743561532609760433843 2.6576859332058053730918345536338 1.1743393538225130878771551579121 
8.7145650620132393271433102199808 8.5273047501607770470855029998347 0.16285836285919863541948870988563 -2.6011820437583037524120754824253 1.1674283274281602729161022580229 
0 -7.9919713220301886735796870198101 0.064561682451049762221373384818435 3.7318524098947847278395784087479 1.1870876635097900031468043380301 
7.6126664767912215481260318483692 0 -6.6219300597938595132063710479997 1.5023158957506594912700847999076 2.5243860119587719914591161796125 
0 0 -0.012656524384469847177570045460016 1.753164131096117461794392511365 1.202531304876893969435514009092 
0 0 -0.069599207468074908433663949836046 1.767399801867018727108415987459 1.2139198414936149816867327899672 
7.8809685639072135643345973221585 2.5803623249391627325621811905876 0 -0.86533272221159407422419462818652 1.200000000000000177635683940025 
0 0 -0.22168253797133363747207113192417 1.805420634492833409368017782981 1.2443365075942667274944142263848 
0 -6.8101088141665861996898456709459 3.9202969104540308364903467008844 2.4724529759281388407998747425154 0.41594061790919378829300967481686 
-5.7334955981820190373809964512475 0 -0.9726191911310886339947501255665 3.4265286973282771398885415692348 1.3945238382262177267989500251133 
5.1050611551716578162540827179328 -5.4471348301497704014195733179804 -8.7674165174844436165813021943904 4.0273725481156388283920932735782 2.9534833034968892562233122589532 
9.6214935505695411421811513719149 0 -4.4063206404954833317333395825699 0.44620677248148554738804705266375 2.081264128099096666346667916514 
0 0 -0.38824518037733035669134551426396 1.847061295094332589172836378566 1.2776490360754659825204271328403 
8.3618394167630736291130233439617 0 -6.9500697332292009633647467126139 1.397057579116531833562930842163 2.5900139466458402814907913125353 
7.34058025614832043714841347537 9.9254096388944343942739578778856 3.2778860559308622413254852290265 -3.3859689877434044902315690706018 0.54442278881382755173490295419469 
8.1748660856450143796791962813586 0 4.2786835263728910661029658513144 -1.3633874030044763614455405331682 0.34426329472542183118832781474339 
3.3284710775336145971436963009182 0.27281904013774571637895860476419 1.7138064105864669883771966851782 0.42122586793554317452503710228484 0.8572387178827065579156396779581 
0 -5.6527995477865600193467798817437 -1.0199745654011858064791340439115 3.4181935282969364564564784814138 1.4039949130802371612958268087823 
-8.0364692463680089673516704351641 -9.4547456280207224921241504489444 -1.7279947873656578138934492017142 6.5548024154385968742531076713931 1.5455989574731314739608478703303 
6.3479482577837673673570861865301 1.4347522191554649140243782312609 -0.71803291556375903326170373475179 -0.016166890343868312029940170759801 1.3436065831127517178344987769378 
-8.6507034186864100178127046092413 -8.0609196753866569906676886603236 4.9564162227429626739194645779207 4.6888017178325256395510223228484 0.20871675545140755403394905442838 
-6.8086239393998955193865185719915 0 -5.4356046688432062552465140470304 4.8110571520607754436582581547555 2.2871209337686413398671447794186 
7.2990698824161208690952662436757 9.6628027406436824975344279664569 -7.7632378662253618273325628251769 -0.54965868920861038482428284623893 2.7526475732450723654665125650354 
-4.4399281410305748707401107822079 -9.3052414526168938380124018294737 4.7594673941957905682897944643628 3.9964255498629190910264696867671 0.24810652116084197515988307713997 
-9.8731418990622241693699834286235 0 -1.9600784367547845477020018734038 4.7083050839542526233572061755694 1.5920156873509569983582423446933 
0 0 -1.0120460290140496084632104611956 2.0030115072535124021158026152989 1.4024092058028099216926420922391 
-8.3260146435257098573856637813151 9.6471267091196306608935628901236 8.0878511084164355082748443237506 -0.60224079350258907794568585813977 -0.41757022168328722377950157351734 
6.90201030676202975655542104505 9.280613169797732098231790587306 -5.2714915947356608683094236766919 -0.97778297045602524661944698891602 2.2542983189471321736618847353384 
7.6549552402221427982453860749956 6.3263159847619636622084726695903 -7.1083049266439015667629064409994 0.031758425414948776577261924103368 2.6216609853287802245347393181873 
0 0 7.529940071285684766166923509445 -0.13248501782142119154173087736126 -0.30598801425713706425568716440466 
0 0 -2.1493851688042404646239447174594 2.2873462922010601161559861793648 1.6298770337608479152891050034668 
9.2089189986757418182605761103332 0 -1.1876089652400532159504109586123 -0.25532750835892237262214621296152 1.4375217930480106431900821917225 
0 0 1.884315281016676557612754550064 1.278921179745830860596811362484 0.8231369437966646884774490899872 
0 0 -2.2254883445397837249402073211968 2.3063720861349459312350518302992 1.6450976689079568338058834342519 
0 0 -1.2822210614151883234512752096634 2.0705552653537973029074237274472 1.4564442122830376646902550419327 
0 0 4.0085452617540289210751325299498 0.74786368456149276973121686751256 0.39829094764919426019389447901631 
-7.7448421196901318097616240265779 8.2628911800786948305130863445811 -2.2714751852120791397737775696442 2.1883565312058790297555788129102 1.6542950370424156503190715739038 
0 0 2.5843312547692320890746486838907 1.1039171863076919777313378290273 0.6831337490461535377761492782156 
0 0 -1.7187093577255527776515009463765 2.1796773394313881944128752365941 1.5437418715451105555303001892753 
0 0 -2.3518028156222641200656653381884 2.3379507039055660300164163345471 1.6703605631244529128309750376502 
-7.8852364607651566075219307094812 0 -3.5001740301816788303312932839617 4.5963526227367088594633059983607 1.9000348060363356772484166867798 
0 0 -6.6253749656653457833499487605877 3.4063437414163364458374871901469 2.5250749931330691566699897521175 
-8.9739006176119673341418092604727 -7.3514392058321735845538569265045 7.0680885970306341903324209852144 4.0643128066033771261800211505033 -0.21361771940612683806648419704288 
0 0 1.9853388717203461766303007607348 1.2536652820699134558424248098163 0.8029322256559308090828608328593 
6.59873125343104227624735358404 0 -6.1919009110758000957730473601259 1.6482924144111894548814234440215 2.4383801822151602856081353820628 
-4.014746893572850972020660265116 -9.8667716785175443305888620670885 3.9116597960669041711412319273222 4.2424646940058732269562824512832 0.41766804078661912136283262952929 
3.6696750408653180386409076163545 0 1.8949153346376590434374520555139 0.3588524061242557294804100820329 0.82101693307246836894819352892227 
5.3354467034508905598499950428959 3.8303838546665600617302516184282 -3.8174413499799291216163510398474 0.41290269796561984705363101966213 1.9634882699959863572303220280446 
