2.4404556277417546183983176888432 0.51984812408608171985235912870849 1.039696248172163439704718257417 0 0.51984812408608171985235912870849 
2.5394484043421599039902503136545 0.48685053188594662465504825377138 6.3549886675680147263278740865644 -5.3812876037961236974638268293347 0.48685053188594551443202362861484 
0.75001834613455020672745376941748 1.0833272179551498570759804351837 0.99068711076070004040161620650906 1.1759673251495996737503446638584 1.0833272179551498570759804351837 
1.3902887966973227484857034141896 0.86990373443422575050476552860346 1.7398074688684510569203212071443 0 0.86990373443422552846016060357215 
0.85169159121188897643150994554162 1.049436136262703600507961709809 2.098872272525407201015923419618 0 1.049436136262703600507961709809 
-5.6623268145821574748310922586825 3.220775604860718566158084286144 1.1771138325171177640982023149263 5.2644373772043193682179662573617 3.220775604860718566158084286144 
-0.22591502459729806417954023345374 1.4086383415324326140449784361408 2.8172766830648665603575864224695 0 1.4086383415324332801787932112347 
-1.0549523458092897598703530093189 1.6849841152697633273049859781167 -3.9775627238167552413017347134883 7.3475309543562818959117066697218 1.6849841152697633273049859781167 
0.62836110615519746858126381994225 1.1238796312816008438062453933526 2.2477592625632012435232809366425 0 1.1238796312816006217616404683213 
-1.8287283496363455626010363630485 1.9429094498787817801854771460057 3.8858188997575635603709542920114 0 1.9429094498787817801854771460057 
-1.4462784501171759288240536989179 1.8154261500390587169562195413164 3.6308523000781174339124390826328 0 1.8154261500390587169562195413164 
-2.4454041259313834544286692107562 2.1484680419771278181428897369187 5.6430190267421416194792982423678 -1.3460829427878859831935187685303 2.1484680419771278181428897369187 
-1.4058427284483308028484316309914 1.8019475761494436749643455186742 3.6038951522988860176610614871606 0 1.8019475761494430088305307435803 
4.5870436858695313731004716828465 -0.19568122862317860466419006115757 3.8474798712247038068312576797325 -4.2388423284710610161596378020477 -0.19568122862317860466419006115757 
-1.1171897843680973494429053971544 1.7057299281226989684512318490306 3.4114598562453966046348341478733 0 1.7057299281226983023174170739367 
-3.1492158192249686265995478606783 2.3830719397416562088665159535594 4.7661438794833124177330319071189 0 2.3830719397416562088665159535594 
2.4336832002492547744054718350526 0.52210559991691507519817605498247 1.0442111998338305944855619600276 0 0.52210559991691529724278098001378 
-0.095863471524494592301834927638993 1.3652878238414982714488132842234 2.7305756476829987633436758187599 0 1.36528782384149938167183790938 
-1.932503287041799744372383429436 1.9775010956805998407759261681349 -1.4472212770805898962578339705942 5.402223468441789577809686306864 1.9775010956805998407759261681349 
3.4434531049637762123438733397052 0.18551563167874118853717391175451 0.3710312633574819329851379734464 0 0.1855156316787409664925689867232 
-1.5918365418035378411332203540951 1.8639455139345126877259417597088 3.7278910278690253754518835194176 0 1.8639455139345126877259417597088 
-0.076705059119692720059902057982981 1.3589016863732310547163706360152 2.7178033727464621094327412720304 0 1.3589016863732310547163706360152 
0.83948304139169849236168374773115 1.0535056528694337618645704424125 2.1070113057388661914615113346372 0 1.0535056528694330957307556673186 
0.19463783138999435351479405653663 1.2684540562033352895099369561649 2.5369081124066705790198739123298 0 1.2684540562033352895099369561649 
-2.0473838810693445466881712491158 2.0157946270231148488960570830386 4.0315892540462296977921141660772 0 2.0157946270231148488960570830386 
4.9330865206973903980269824387506 -0.31102884023246524236583354650065 -0.62205768046493048473166709300131 0 -0.31102884023246524236583354650065 
0.61490807326911678387659776490182 1.1283639755769609980262657700223 2.2567279511539219960525315400446 0 1.1283639755769609980262657700223 
-3.682483915221743231427353748586 2.5608279717405810771424512495287 -3.7456726910462005974977728328668 8.8673286345273609754258359316736 2.5608279717405801889640315494034 
3.851768363515957638298914389452 0.049410545494680713218826895172242 0.098821090989360982348443940281868 0 0.049410545494680491174221970140934 
1.912570076804162688688393245684 0.69580997439861236308900060976157 6.9550070851155121331998998357449 -5.5633871363182896274679478665348 0.69580997439861125286597598460503 
-4.9922003366305780502898414852098 2.9974001122101929794894203951117 5.9948002244203859589788407902233 0 2.9974001122101929794894203951117 
0.83553356334032846675086148025002 1.0548221455532238444163795065833 2.1096442911064481329219688632293 0 1.0548221455532240664609844316146 
1.0157091511475062617364528705366 0.99476361628416465343605068483157 1.9895272325683293068721013696631 0 0.99476361628416465343605068483157 
-4.090913177513950671482234611176 2.6969710591713167424643415870378 8.5402738238745357080006215255708 -3.14633170553190133489351865137 2.6969710591713171865535514371004 
4.2357685064442227584891043079551 -0.078589502148074252829701435985044 -0.15717900429614717339177332178224 0 -0.078589502148073586695886660891119 
1.6708742523687574177415626763832 0.77637524921041412007127746619517 1.5527504984208282401425549323903 0 0.77637524921041412007127746619517 
0.56895168168258702934281245688908 1.1436827727724709902190625143703 2.2873655455449433127057545789285 0 1.1436827727724716563528772894642 
-0.94254072247805709139356622472405 1.6475135741593525118275920249289 3.2950271483187036913875544996699 0 1.647513574159351845693777249835 
0.85324146683583457217991963261738 1.0489195110547218092733601224609 -3.9653801213611097331579458113993 6.0632191434705529076154562062584 1.0489195110547215872287551974296 
2.2186735871657514707067093695514 0.59377547094474958377929851849331 1.1875509418894991675585970369866 0 0.59377547094474958377929851849331 
-6.8160453166786565404322573158424 3.6053484388928858095368923386559 2.3277360679192797832115502387751 4.8829608098664918358622344385367 3.6053484388928858095368923386559 
-4.0300934973462680943612213013694 2.6766978324487560314537404337898 5.3533956648975129510859005677048 0 2.6766978324487564755429502838524 
0.64538950587979204698285684571601 1.1182034980400692436575127430842 2.2364069960801384873150254861685 0 1.1182034980400692436575127430842 
0.81063937410983033515776696731336 1.0631202086300566289622793192393 -1.5896138531373806834778861230006 3.7158542703974939414024447614793 1.0631202086300566289622793192393 
0.41930384595779379708346823463216 1.1935653846807354749870455634664 2.3871307693614709499740911269328 0 1.1935653846807354749870455634664 
0.85727461682255912123196139873471 1.0475751277258136262560128670884 5.4618902451864448366336546314415 -3.366739989734817140032419047202 1.0475751277258138483006177921197 
0.019988174216063470112203503958881 1.3266706085946455839774671403575 2.653341217189291167954934280715 0 1.3266706085946455839774671403575 
0.31750026171217538006885661161505 1.2274999127626082806585827711388 2.4549998255252165613171655422775 0 1.2274999127626082806585827711388 
0.34048692610749498044242500327528 1.2198376912975017472007266405853 7.4427130515236772367870798916556 -5.0030376689286732982964167604223 1.2198376912975017472007266405853 
-4.183034462349603188613400561735 2.7276781541165346922639400872868 5.4553563082330693845278801745735 0 2.7276781541165346922639400872868 
0.22557897886281308430511671758723 1.2581403403790623052316277608043 2.5162806807581259427308850717964 0 1.2581403403790629713654425358982 
-1.1099821292394009830672985117417 1.7033273764131335870075645289035 3.4066547528262667299259192077443 0 1.7033273764131333649629596038722 
-5.0036899823981624280122559866868 3.0012299941327209573671552789165 -1.7838954682236325410826793813612 7.7863554564890744558169899391942 3.0012299941327209573671552789165 
0.16285836285919863541948870988563 1.2790472123802671955417054050486 -0.14214036333942248191419821523596 2.7002347880999568729976090253331 1.2790472123802671955417054050486 
0.97211151233165793428270262666047 1.0092961625561140959206340994569 2.0185923251122281918412681989139 0 1.0092961625561140959206340994569 
-0.33448399215588509036933828610927 1.4448279973852948820933761453489 8.4834867898160766230830631684512 -5.5938307950454859707178911776282 1.4448279973852955482271909204428 
-0.012656524384468958999150345334783 1.3375521747948229123181818067678 2.6751043495896458246363636135357 0 1.3375521747948229123181818067678 
0.17223388785662407940435514319688 1.2759220373811253068652149522677 2.5518440747622528341764791548485 0 1.2759220373811264170882395774242 
-2.0773233100401569117821054533124 2.0257744366800523039273684844375 -0.63246724019308953046447641099803 4.684016113553194138319213379873 2.0257744366800523039273684844375 
-2.6356646749283720865264513122384 2.2118882249761240288421504374128 4.4237764499522480576843008748256 0 2.2118882249761240288421504374128 
-0.67933572453985568984080600785092 1.5597785748466186372951369776274 3.119557149693235942322644405067 0 1.5597785748466179711613222025335 
2.1853957064698903423050069250166 0.60486809784336981188346271665068 1.2097361956867396237669254333014 0 0.60486809784336981188346271665068 
-1.4322099172176008252677092968952 1.8107366390725336824374380739755 7.5918057801550054008998813515063 -3.9703325020099380360250052035553 1.8107366390725336824374380739755 
-4.4063206404954815553765001823194 2.8021068801651605184588333941065 5.604213760330321036917666788213 0 2.8021068801651605184588333941065 
-0.38824518037732858033450611401349 1.4627483934591094527633003963274 2.9254967869182189055266007926548 0 1.4627483934591094527633003963274 
-2.0259430617632698812258240650408 2.0086476872544234417716779717011 -3.4910883366052427589920625905506 7.5083837111140905307138382340781 2.0086476872544238858608878217638 
1.756040585797171260651339252945 0.74798647140094298713108855736209 1.4959729428018864183513869647868 0 0.7479864714009432091756934823934 
-0.055439487781725027559787122299895 1.3518131625939082685050607324229 7.4046905665163329501865518977866 -4.7010642413285177454440599831287 1.3518131625939076023712459573289 
-0.27281904013774394002211920451373 1.424273013379248054022241376515 2.84854602675849610804448275303 0 1.424273013379248054022241376515 
-0.12592108517259603672755474690348 1.3753070283908652715609832739574 2.7506140567817305431219665479148 0 1.3753070283908652715609832739574 
2.5290040267454845235306493123062 0.49033199108483843664529899797344 5.1387874022188082534512432175688 -4.1581234200491294927815033588558 0.49033199108483915829026500432519 
5.9965716027897952855596486188006 -0.66552386759659842851988287293352 7.2949168136424695774167048512027 -8.6259645488356664344564705970697 -0.66552386759659842851988287293352 
1.6614742643867081994812906486914 0.77950857853776378547649983374868 1.5590171570755275709529996674974 0 0.77950857853776378547649983374868 
-3.3277171495087767283393986872397 2.4425723831695922427797995624132 4.8851447663391844855595991248265 0 2.4425723831695922427797995624132 
-6.6112472842816334406279565882869 3.5370824280938784056615986628458 7.0741648561877568113231973256916 0 3.5370824280938784056615986628458 
6.1896087568144571022799027559813 -0.72986958560481896007843261031667 0.41946317129483112751131557160988 -1.8792023425044721562926497426815 -0.72986958560482051439066708553582 
-1.0107059276709984274589260166977 1.6702353092236661424863086722326 4.7215046007030618824273915379308 -1.3810339822557278210979347932152 1.6702353092236668086201234473265 
-1.4484963205093430715919566864613 1.8161654401697810978788538704976 3.632330880339563528025337291183 0 1.8161654401697817640126686455915 
0.11400536727132148939745093230158 1.2953315442428927628526480475557 2.5906630884857833052592468447983 0 1.2953315442428916526296234223992 
-5.271491594735657315595744876191 3.0904971982452194012580548587721 6.1809943964904388025161097175442 0 3.0904971982452194012580548587721 
0.35519489170593532278985549055506 1.214935036098021559070048169815 2.429870072196045338586145589943 0 1.2149350360980226692930727949715 
1.2365879557048211623282440996263 0.92113734809839287187571699178079 1.8422746961967870760190635337494 0 0.92113734809839353800953176687472 
1.2185821254639126465235676732846 0.92713929151202911782547744223848 -3.3652782309081819001050916995155 5.2195568139322423562020958343055 0.92713929151203022804850206739502 
-0.53443167185690754195093177258968 1.5114772239523026620133805408841 7.9819265548267166465734590019565 -4.9589721069221113225466979201883 1.5114772239523024399687756158528 
1.8843152810166774457911742501892 0.70522823966110759208447689161403 1.4104564793222151841689537832281 0 0.70522823966110759208447689161403 
-2.2254883445397801722265285206959 2.075162781513260057408842840232 0.97801576889116059732032226747833 3.1723097941353595174973634129856 2.075162781513260057408842840232 
-1.2822210614151874352728555095382 1.7607403538050625524391534781898 3.5214807076101251048783069563797 0 1.7607403538050625524391534781898 
-0.90454291360276162237141761579551 1.6348476378675871334422708969214 3.2696952757351742668845417938428 0 1.6348476378675871334422708969214 
-1.7110883169359976108125920291059 1.9036961056453325369375306763686 5.7863947360934622210493216698524 -1.9790025248027967030850504670525 1.9036961056453327589821356013999 
0.39128112858260255535469696042128 1.2029062904724658888966359882033 2.4058125809449304455256424262188 0 1.2029062904724652227628212131094 
-0.6937527754036469929133090772666 1.564584258467882182941366409068 3.1291685169357665863287820684491 0 1.5645842584678832931643910342245 
-2.3518028156222632318872456380632 2.1172676052074210772957485460211 5.30172732873831709099476938718 -1.0671921183234749364032722951379 2.1172676052074210772957485460211 
3.2250167169297254687876375101041 0.2583277610234249177523224716424 0.5166555220468498355046449432848 0 0.2583277610234249177523224716424 
-0.24993673634923396775775472633541 1.4166455787830780632674532171222 2.8332911575661561265349064342445 0 1.4166455787830780632674532171222 
1.2620164904831572272314588190056 0.91266116983894751690797875198768 1.8253223396778945897267476539128 0 0.91266116983894729486337382695638 
1.9853388717203470648087204608601 0.67155370942655090438222487136954 1.3431074188531018087644497427391 0 0.67155370942655090438222487136954 
-3.4453900469769775938289058103692 2.4817966823256591979429686034564 4.9635933646513183958859372069128 0 2.4817966823256591979429686034564 
1.2604802410214315244729732512496 0.91317325299285512230085259943735 1.8263465059857102446017051988747 0 0.91317325299285512230085259943735 
0.53928383615919539550986883114092 1.1535720546136014608151754146093 2.3071441092272029216303508292185 0 1.1535720546136014608151754146093 
3.8129274180344907563267042860389 0.062357527321836414557765237987041 -5.3860320275590876093474435037933 5.5107470822027604384629739797674 0.06235752732183663660237016301835 
