2.4404556277417546183983176888432 -0.81348520924725153946610589628108 -1.6269704184945030789322117925622 0 -0.81348520924725153946610589628108 
2.5394484043421599039902503136545 -0.84648280144738663466341677121818 3.6883220009013486517801538866479 -5.3812876037961236974638268293347 -0.84648280144738752284183647134341 
0 0 -1.1759673251495996737503446638584 1.1759673251495996737503446638584 0 
1.3902887966973218603072837140644 -0.4634295988991072867690945713548 -0.92685919779821546171660884283483 0 -0.46342959889910773085830442141742 
0.85169159121188897643150994554162 -0.28389719707062965881050331518054 -0.56779439414125931762100663036108 0 -0.28389719707062965881050331518054 
-5.6623268145821574748310922586825 1.8874422715273855288842241861857 -1.4895528341495483104495178849902 5.2644373772043193682179662573617 1.8874422715273855288842241861857 
-0.22591502459729806417954023345374 0.075305008199099354726513411151245 0.15061001639820048580986622255296 0 0.075305008199100242904933111276478 
-1.0549523458092902039595628593815 0.35165078193643006798652095312718 -6.5438620269390019856814433296677 7.247163590811862121654485235922 0.35165078193643006798652095312718 
0.62836110615519658040284411981702 -0.20945370205173219346761470660567 -0.41890740410346527511364911333658 0 -0.20945370205173263755682455666829 
-1.8287283496363455626010363630485 0.60957611654544852086701212101616 1.2191522330908970417340242420323 0 0.60957611654544852086701212101616 
-1.4462784501171763729132635489805 0.48209281670572545763775451632682 0.96418563341145091527550903265364 0 0.48209281670572545763775451632682 
-2.4454041259313843426070889108814 0.81513470864379478086902963696048 4.9328806748297004958203615387902 -3.3026112575421109340823022648692 0.81513470864379478086902963696048 
-1.405842728448331246937641481054 0.46861424281611041564588049368467 0.93722848563221994311334128724411 0 0.46861424281610997155667064362206 
4.5870436858695313731004716828465 -1.5290145619565116419380501611158 1.180813204558037732283537479816 -4.2388423284710610161596378020477 -1.5290145619565116419380501611158 
-1.117189784368097793532115247217 0.37239659478936593117737174907234 0.74479318957873008599790409789421 0 0.3723965947893650429989520489471 
-3.1492158192249695147779675608035 1.0497386064083231715926558536012 2.0994772128166463431853117072023 0 1.0497386064083231715926558536012 
2.4336832002492538862270521349274 -0.81122773341641796207568404497579 -1.6224554668328359241513680899516 0 -0.81122773341641796207568404497579 
-0.095863471524495036391044777701609 0.03195449050816501213034825923387 0.063908981016332688795955618843436 0 0.031954490508166344397977809421718 
-1.932503287041799744372383429436 0.64416776234726658145746114314534 -4.1138879437472564148947640205733 5.402223468441789577809686306864 0.64416776234726658145746114314534 
3.4434531049637762123438733397052 -1.1478177016545920707812911132351 -2.2956354033091841415625822264701 0 -1.1478177016545920707812911132351 
-1.5918365418035382852224302041577 0.53061218060117942840747673471924 1.0612243612023588568149534694385 0 0.53061218060117942840747673471924 
-0.076705059119694149472046262872027 0.025568353039898048667533103639471 0.051136706079796097335066207278942 0 0.025568353039898048667533103639471 
0.83948304139169849236168374773115 -0.27982768046389949745389458257705 -0.55965536092779988308620886527933 0 -0.27982768046389994154310443263967 
0.19463783138999390942558420647401 -0.064879277129997969808528068824671 -0.12975855425999593961705613764934 0 -0.064879277129997969808528068824671 
-2.0473838810693454348665909492411 0.68246129368978181162219698308036 1.3649225873795636232443939661607 0 0.68246129368978181162219698308036 
4.9330865206973903980269824387506 -1.6443621735657982796396936464589 -3.2887243471315965592793872929178 0 -1.6443621735657982796396936464589 
0.61490807326911678387659776490182 -0.20496935775637226129219925496727 -0.40993871551274452258439850993454 0 -0.20496935775637226129219925496727 
-3.6824839152217441196057734487113 1.2274946384072480398685911495704 -6.4123393577128666720454930327833 8.8673286345273609754258359316736 1.2274946384072471516901714494452 
3.851768363515957638298914389452 -1.2839227878386525460996381298173 -2.5678455756773050921992762596346 0 -1.2839227878386525460996381298173 
1.912570076804162688688393245684 -0.63752335893472089622946441522799 4.2883404184488460586521796358284 -5.5633871363182896274679478665348 -0.63752335893472178440788411535323 
-4.9922003366305807148251005855855 1.6640667788768601642601652201847 3.3281335577537198844311205903068 0 1.6640667788768599422155602951534 
0.83553356334032757857244178012479 -0.27851118778010919285748059337493 -0.55702237556021838571496118674986 0 -0.27851118778010919285748059337493 
1.015709151147505817647243020474 -0.33856971704916860588241434015799 -0.67713943409833721176482868031599 0 -0.33856971704916860588241434015799 
-4.090913177513950671482234611176 1.3636377258379837051904814870795 7.1493429822955976149501111649442 -4.42206753061962931639072849066 1.3636377258379841492796913371421 
4.2357685064442218703106846078299 -1.4119228354814072901035615359433 -2.8238456709628136920287033717614 0 -1.4119228354814068460143516858807 
1.6708742523687574177415626763832 -0.55695808412291913924718755879439 -1.1139161682458382784943751175888 0 -0.55695808412291913924718755879439 
0.56895168168258614116439275676385 -0.18965056056086204705479758558795 -0.37930112112172320593117547105066 0 -0.18965056056086160296558773552533 
-0.9425407224780584236611957749119 0.31418024082601947455373192497063 0.6283604816520371727506244496908 0 0.3141802408260185863753122248454 
0.85324146683583368400149993249215 -0.28441382227861122800049997749738 -6.3273634577487669616857601795346 5.7585358131915436175063405244146 -0.28441382227861167208970982756 
2.2186735871657510266174995194888 -0.73955786238858367553916650649626 -1.4791157247771673510783330129925 0 -0.73955786238858367553916650649626 
-6.8160453166786565404322573158424 2.2720151055595527722630322386976 -0.33893059874738629133616996114142 4.8829608098664918358622344385367 2.2720151055595527722630322386976 
-4.0300934973462689825396410014946 1.3433644991154229941798803338315 2.6867289982308468765381803677883 0 1.3433644991154234382690901838941 
0.64538950587979204698285684571601 -0.21512983529326401566095228190534 -0.43025967058652803132190456381068 0 -0.21512983529326401566095228190534 
0.81063937410982989106855711725075 -0.27021312470327663035618570575025 -4.2562805198040472021148161729798 3.7158542703974939414024447614793 -0.27021312470327663035618570575025 
0.41930384595779335299425838456955 -0.13976794865259778433141946152318 -0.27953589730519556866283892304637 0 -0.13976794865259778433141946152318 
0.85727461682255823305354169860948 -0.28575820560751941101784723286983 5.4618902451864448366336546314415 -6.0334066564014836586693490971811 -0.28575820560751941101784723286983 
0.019988174216063026022993653896265 -0.0066627247386876753409978846320882 -0.013325449477375350681995769264176 0 -0.0066627247386876753409978846320882 
0.31750026171217493597964676155243 -0.10583342057072497865988225385081 -0.21166684114144995731976450770162 0 -0.10583342057072497865988225385081 
0.34048692610749453635321515321266 -0.11349564203583151211773838440422 7.4427130515236772367870798916556 -7.669704335595340261022556660464 -0.11349564203583151211773838440422 
-4.1830344623496049649702399619855 1.3943448207832016549900799873285 2.788689641566403309980159974657 0 1.3943448207832016549900799873285 
0.22557897886281219612669701746199 -0.075192992954270732042232339153998 -0.15038598590854057590604497818276 0 -0.075192992954270287953022489091381 
-1.1099821292394009830672985117417 0.36999404307980032768909950391389 0.73998808615960065537819900782779 0 0.36999404307980032768909950391389 
-5.0036899823981624280122559866868 1.6678966607993874760040853288956 -3.9835845453199025811841238464694 7.3193778669186775331922945042606 1.6678966607993874760040853288956 
0.16285836285919819133027885982301 -0.054286120953066063776759619941004 4.7802765961949988948731515847612 -4.8888488381011310224266708246432 -0.054286120953066063776759619941004 
0.97211151233165749019349277659785 -0.32403717077721916339783092553262 -0.64807434155443832679566185106523 0 -0.32403717077721916339783092553262 
-0.33448399215588553445854813617188 0.11149466405196184481951604539063 5.8168201231494105485353429685347 -5.5938307950454859707178911776282 0.11149466405196228890872589545324 
-0.012656524384468958999150345334783 0.0042188414614896529997167817782611 0.0084376829229793059994335635565221 0 0.0042188414614896529997167817782611 
0.17223388785662319122593544307165 -0.057411295952207730408645147690549 -0.11482259190441368446045089513063 0 -0.057411295952206842230225447565317 
-2.0773233100401577999605251534376 0.69244110334671926665350838447921 5.4798177662832472378795500844717 -4.0949355595898087045725333155133 0.69244110334671926665350838447921 
-2.6356646749283729747048710123636 0.87855489164279099156829033745453 1.7571097832855819831365806749091 0 0.87855489164279099156829033745453 
-0.67933572453985613393001585791353 0.22644524151328537797667195263784 0.45289048302656986777492420515046 0 0.22644524151328493388746210257523 
2.1853957064698903423050069250166 -0.72846523548996344743500230833888 -1.4569304709799268948700046166778 0 -0.72846523548996344743500230833888 
-1.4322099172176012693569191469578 0.47740330573920042311897304898594 7.0643604911013930802710092393681 -6.1095538796229922340330631413963 0.47740330573920042311897304898594 
-4.4063206404954824435549198824447 1.4687735468318274811849732941482 7.5911062668280226972683522035368 -4.6535591731643677348984056152403 1.4687735468318274811849732941482 
-0.38824518037732858033450611401349 0.12941506012577619344483537133783 0.25883012025155238688967074267566 0 0.12941506012577619344483537133783 
-2.0259430617632712134934536152286 0.67531435392109040449781787174288 -6.1577550032719088335397827904671 7.5083837111140905307138382340781 0.6753143539210908485870277218055 
1.7560405857971708165621294028824 -0.58534686193239027218737646762747 -1.1706937238647796561963332351297 0 -0.58534686193238982809816661756486 
-0.055439487781725027559787122299895 0.018479829260575009186595707433298 5.5623662062082628310122345283162 -5.5254065476871137008174628135748 0.018479829260574565097385857370682 
-0.27281904013774438411132905457634 0.090939680045914794703776351525448 0.1818793600918295894075527030509 0 0.090939680045914794703776351525448 
-0.12592108517259603672755474690348 0.041973695057532012242518248967826 0.083947390115064024485036497935653 0 0.041973695057532012242518248967826 
2.5290040267454831912630197621183 -0.84300134224849443409510740821133 3.5499656000170594083442665578332 -5.2359682845140484985790862992872 -0.84300134224849454511740987072699 
5.9965716027897943973812289186753 -1.9988572009299314657937429728918 4.6282501469758035028689846512862 -8.6259645488356664344564705970697 -1.9988572009299316878383478979231 
1.6614742643867081994812906486914 -0.55382475479556925179736026620958 -1.1076495095911385035947205324192 0 -0.55382475479556925179736026620958 
-3.327717149508777616517818387365 1.109239049836259205505939462455 2.21847809967251841101187892491 0 1.109239049836259205505939462455 
-6.6112472842816334406279565882869 2.2037490947605453683877385628875 4.4074981895210907367754771257751 0 2.2037490947605453683877385628875 
6.1896087568144562141014830558561 -2.0632029189381522193968976353062 0.41946317129483112751131557160988 -4.545869009171138230840369942598 -2.0632029189381535516645271854941 
-1.0107059276709993156373457168229 0.3369019758903331052124485722743 2.0548379340363949197012516378891 -1.3810339822557278210979347932152 0.33690197589033354930165842233691 
-1.448496320509343515681166536524 0.48283210683644783856038884550799 0.96566421367289745347761709126644 0 0.48283210683644872673880854563322 
0.11400536727132148939745093230158 -0.03800178909044049646581697743386 -0.076003578180882769288473355118185 0 -0.038001789090441384644236677559093 
-5.2714915947356590919525842764415 1.7571638649118863639841947588138 3.5143277298237727279683895176277 0 1.7571638649118863639841947588138 
0.35519489170593443461143579042982 -0.11839829723531147820381193014327 -0.23679659447062118005078446003608 0 -0.11839829723531059002539223001804 
1.2365879557048211623282440996263 -0.41219598523494038744274803320877 -0.82439197046987899852865666616708 0 -0.41219598523493949926432833308354 
1.2185821254639117583451479731593 -0.40619404182130391944838265771978 -5.8332692542057476003947158460505 5.0208811705631415378547899308614 -0.40619404182130303126996295759454 
-0.53443167185690887421856132277753 0.17814389061896962473952044092584 6.8254965520749495411223506380338 -6.4692087708370111798217294563074 0.17814389061896918065031059086323 
1.8843152810166770017019644001266 -0.62810509367222566723398813337553 -1.2562101873444513344679762667511 0 -0.62810509367222566723398813337553 
-2.2254883445397810604049482208211 0.7418294481799270201349827402737 5.9157482909734726561623574525584 -4.432089394613618615892391972011 0.7418294481799270201349827402737 
-1.2822210614151878793620653596008 0.42740702047172929312068845320027 0.85481404094345858624137690640055 0 0.42740702047172929312068845320027 
-0.90454291360276162237141761579551 0.30151430453425387412380587193184 0.60302860906850774824761174386367 0 0.30151430453425387412380587193184 
-1.7110883169359984989910117292311 0.57036277231199949966367057641037 5.7863947360934622210493216698524 -4.6456691914694632217219805170316 0.57036277231199949966367057641037 
0.39128112858260211126548711035866 -0.13042704286086737042182903678622 -0.26085408572173562902207777369767 0 -0.13042704286086781451103888684884 
-0.69375277540364743700251892732922 0.23125092513454914566750630910974 0.46250185026910006769185201846994 0 0.23125092513455003384592600923497 
-2.3518028156222641200656653381884 0.7839342718740880400218884460628 5.30172732873831709099476938718 -3.7338587849901410109509924950544 0.7839342718740880400218884460628 
3.2250167169297250246984276600415 -1.0750055723099083415661425533472 -2.1500111446198166831322851066943 0 -1.0750055723099083415661425533472 
-0.24993673634923541104768673903891 0.083312245449745137015895579679636 0.16662449089949027403179115935927 0 0.083312245449745137015895579679636 
1.2620164904831572272314588190056 -0.42067216349438574241048627300188 -0.84134432698877148482097254600376 0 -0.42067216349438574241048627300188 
1.9853388717203470648087204608601 -0.66177962390678235493624015362002 -1.32355924781356470987248030724 0 -0.66177962390678235493624015362002 
-3.4453900469769784820073255104944 1.1484633489923261606691085034981 2.2969266979846523213382170069963 0 1.1484633489923261606691085034981 
1.2604802410214315244729732512496 -0.42016008034047791497300750052091 -0.84032016068095582994601500104181 0 -0.42016008034047791497300750052091 
0.53928383615919539550986883114092 -0.17976127871973179850328961038031 -0.35952255743946359700657922076061 0 -0.17976127871973179850328961038031 
3.8129274180344898681482845859136 -1.2709758060114966227160948619712 5.0463494980906338227555352204945 -7.5883011101136270681877249444369 -1.2709758060114966227160948619712 
